2.396657350576818502e+00 -2.518370475062723823e+00 1.000000000000000000e+00
2.290853742364798995e-01 1.018837838390560746e+00 0.000000000000000000e+00
-8.393162594981773417e-02 -1.629139550293854377e-01 1.000000000000000000e+00
6.799850757127138268e-01 -9.355913132912768715e-01 1.000000000000000000e+00
9.470665369682189638e-01 1.311654033535142982e+00 0.000000000000000000e+00
-7.727929882321140642e-01 8.200319708768246674e-01 1.000000000000000000e+00
1.314500619224299616e+00 -1.339789070329225673e+00 1.000000000000000000e+00
6.116951333659880197e-01 -4.685048040084061061e-01 1.000000000000000000e+00
1.153570845610996543e+00 4.893157457804618859e-01 0.000000000000000000e+00
2.019219224713372896e+00 -2.159178756501671792e+00 1.000000000000000000e+00
6.676219235820122222e-01 -6.040280673367026676e-01 1.000000000000000000e+00
7.901045585085315626e-01 -4.501884134114679803e-01 1.000000000000000000e+00
1.115383777367432661e+00 8.975456432015336272e-01 0.000000000000000000e+00
8.817058191570834591e-01 -8.192434583974539386e-01 1.000000000000000000e+00
1.289639909966257214e+00 1.222643306703332877e+00 0.000000000000000000e+00
7.172002606464433772e-01 1.970406370608157154e+00 0.000000000000000000e+00
-2.884106123575707059e-01 1.071416527552027098e-01 1.000000000000000000e+00
1.334628123929278987e-01 2.964008343907380105e+00 0.000000000000000000e+00
-1.178643786381066150e-01 2.435628792752866367e-01 1.000000000000000000e+00
1.705015075688337101e+00 -8.149200762843804569e-01 0.000000000000000000e+00
1.063969137656760600e+00 1.704953726778417611e+00 0.000000000000000000e+00
7.851042107712790097e-01 1.999462555787497653e+00 0.000000000000000000e+00
2.139970532218823607e+00 -2.164886725093552400e+00 1.000000000000000000e+00
1.157630074921449870e+00 -1.129956943609700115e+00 1.000000000000000000e+00
2.246038478348689083e+00 -3.134615795638664437e-01 0.000000000000000000e+00
3.726215357046899213e-01 -3.720509994139605814e-01 1.000000000000000000e+00
3.011968201091455910e+00 -3.061014641704881356e+00 1.000000000000000000e+00
1.112325063548248005e+00 2.598085176738292645e+00 0.000000000000000000e+00
9.442261743444898547e-01 -7.709945972849767681e-01 1.000000000000000000e+00
2.040034297924508078e+00 -2.255816232930388132e+00 1.000000000000000000e+00
2.701609587110951338e+00 -2.644449233482794259e+00 1.000000000000000000e+00
1.098223948443784570e+00 4.976250545855915863e-01 0.000000000000000000e+00
2.144657334985042851e+00 -2.043124332197138848e+00 1.000000000000000000e+00
3.578732171837886167e-01 1.201535508131599261e+00 0.000000000000000000e+00
1.551778931682239682e+00 -1.067250012028904127e-01 0.000000000000000000e+00
1.695492731376615714e+00 -6.413281376413704216e-01 0.000000000000000000e+00
9.106228880044109353e-01 -6.990400841667214760e-01 1.000000000000000000e+00
1.248013116453804416e+00 9.072449668722366578e-01 0.000000000000000000e+00
7.036184979841195730e-01 2.172629973581958751e+00 0.000000000000000000e+00
9.813357483333160491e-01 -7.606057814547146911e-01 1.000000000000000000e+00
1.333437728633044994e+00 9.696460875161956317e-01 0.000000000000000000e+00
7.346225747228130043e-01 -5.567591185437069656e-01 1.000000000000000000e+00
2.476233232712475196e+00 -2.477032994426557000e+00 1.000000000000000000e+00
1.107243252291854052e+00 1.369499877229187756e-01 0.000000000000000000e+00
3.746935246964342436e-01 -4.948532696252655461e-01 1.000000000000000000e+00
1.121506111808955986e+00 -5.064811714049288760e-02 0.000000000000000000e+00
5.729611138826732342e-01 1.642209473057244740e+00 0.000000000000000000e+00
1.695265822582743498e+00 -1.388593275811031980e+00 1.000000000000000000e+00
1.118781646203124591e+00 -1.209058323955678915e+00 1.000000000000000000e+00
7.584155812919437523e-01 -9.774426047562809750e-01 1.000000000000000000e+00
2.076103012177152429e+00 -1.908217995391897404e+00 1.000000000000000000e+00
6.530846293986143358e-01 8.615332125249913764e-01 0.000000000000000000e+00
9.208721851045422735e-01 9.612996055178828492e-01 0.000000000000000000e+00
1.962779034167105641e+00 -1.889559594638095197e+00 1.000000000000000000e+00
1.487648674655959846e+00 -1.461382499723723916e+00 1.000000000000000000e+00
-2.429704878863359063e-02 1.571265766676150921e-01 1.000000000000000000e+00
-7.426420905174249132e-01 7.150570757917378284e-01 1.000000000000000000e+00
1.171546363817605130e+00 2.029251117460268983e+00 0.000000000000000000e+00
-6.953898340847546322e-01 1.211439082656597055e+00 1.000000000000000000e+00
6.828432840951714766e-01 -6.734851781392413583e-01 1.000000000000000000e+00
1.402963306986352743e+00 -3.068781658976913462e-01 0.000000000000000000e+00
5.227726233148650703e-01 8.829834867319201752e-01 0.000000000000000000e+00
1.583113610863069898e+00 4.967418347651614274e-01 0.000000000000000000e+00
1.666922645554407723e+00 -1.750814139862473917e+00 1.000000000000000000e+00
2.600342662097636648e+00 -1.385869377921626899e-01 0.000000000000000000e+00
7.988743425059863235e-01 1.112976883221069357e+00 0.000000000000000000e+00
8.346557180898358519e-01 1.721578266823737380e+00 0.000000000000000000e+00
1.633458790433524044e+00 6.758761265162600562e-01 0.000000000000000000e+00
6.582637150421632999e-01 -4.943476586382500315e-02 0.000000000000000000e+00
6.371568292569456116e-01 1.318856128679087192e+00 0.000000000000000000e+00
7.427461955257177451e-01 -7.122984560910472496e-01 1.000000000000000000e+00
5.669191152958531488e-01 -3.570409262400048300e-01 1.000000000000000000e+00
1.609756858981656880e+00 -1.449332644114731838e+00 1.000000000000000000e+00
1.147067374041877530e+00 -1.119067838593526210e+00 1.000000000000000000e+00
7.583027504430177590e-01 -4.444886413767105138e-01 1.000000000000000000e+00
2.891030804508408769e-01 1.405260501976498766e+00 0.000000000000000000e+00
6.697860097934035251e-01 -7.418479339245046544e-01 1.000000000000000000e+00
6.632510436485274941e-01 1.070350942341252720e+00 0.000000000000000000e+00
-4.876156945178793389e-01 1.710401252505187042e-01 1.000000000000000000e+00
4.577522220173895207e-01 -4.372809089609694944e-01 1.000000000000000000e+00
1.153143061398731017e+00 -1.209664087731775695e+00 1.000000000000000000e+00
5.982269722327093753e-01 -5.864515462565271786e-01 1.000000000000000000e+00
1.024550195717699008e+00 -1.046963800687514379e+00 1.000000000000000000e+00
3.208027486826701136e-01 2.651563269033704096e+00 0.000000000000000000e+00
7.944609705681615619e-02 -1.445417201286903763e-01 1.000000000000000000e+00
2.903640923170720090e+00 -3.457839739579430027e+00 1.000000000000000000e+00
1.359173221794624853e+00 1.015051115135759296e+00 0.000000000000000000e+00
1.529430692564877736e+00 1.076294647490019241e-01 0.000000000000000000e+00
1.924391817439383701e-01 -2.787890323013371141e-01 1.000000000000000000e+00
1.475575131757252745e+00 -1.699478156190403766e-01 0.000000000000000000e+00
4.723434735361856651e-01 2.337012732700937345e+00 0.000000000000000000e+00
1.818221098568604033e+00 -1.796654632304675037e+00 1.000000000000000000e+00
2.502228496744749897e+00 -2.187202544974437224e+00 1.000000000000000000e+00
7.394928142868191223e-01 1.550371369676994071e+00 0.000000000000000000e+00
5.938243651375290089e-01 -3.914560567982530159e-01 1.000000000000000000e+00
1.848977381536652809e-01 8.981727927738509809e-01 0.000000000000000000e+00
1.629615139757190523e+00 -6.230324579978909760e-01 0.000000000000000000e+00
1.080271767223336177e+00 -1.004619887135761669e+00 1.000000000000000000e+00
6.861589604991735758e-01 -5.909836721546986027e-01 1.000000000000000000e+00
6.969650370497582070e-01 1.763708422490773531e+00 0.000000000000000000e+00
1.134221386745635662e+00 1.801175616415239045e+00 0.000000000000000000e+00
4.940940037595025203e-01 -6.553206432248974700e-01 1.000000000000000000e+00
1.184750168823655470e+00 -1.487665905763941643e+00 1.000000000000000000e+00
1.035175753631339512e+00 -1.147480462797792145e+00 1.000000000000000000e+00
3.289202033970221040e-01 3.186113545976028139e+00 0.000000000000000000e+00
-9.502579994724635881e-02 -4.167022648474383306e-02 1.000000000000000000e+00
1.720774814462070923e+00 1.746976305658750839e+00 0.000000000000000000e+00
6.904712359374342023e-01 1.524706557442825128e+00 0.000000000000000000e+00
1.117072167025935148e+00 -1.144346991847792205e+00 1.000000000000000000e+00
2.088909214514181878e-01 2.155884141097130779e+00 0.000000000000000000e+00
7.359335822709195396e-01 -5.499025942705917380e-01 1.000000000000000000e+00
1.391469501763441752e+00 5.430844099926173119e-01 0.000000000000000000e+00
1.332437764353161302e+00 2.718035383508099478e-02 0.000000000000000000e+00
-7.096123580747026871e-01 8.245414455962536415e-01 1.000000000000000000e+00
1.035403796521406905e+00 1.509751376018601210e+00 0.000000000000000000e+00
1.004497684091058884e+00 3.577514922622586635e-01 0.000000000000000000e+00
1.549760876693037748e+00 -1.378442391758891716e+00 1.000000000000000000e+00
7.168401248412052951e-01 7.685003404405801319e-01 0.000000000000000000e+00
1.184491258529175806e+00 -6.077125433037777746e-02 0.000000000000000000e+00
1.147877654641728640e+00 -1.230249486758977051e+00 1.000000000000000000e+00
8.792285506935441086e-01 1.245693035139067817e+00 0.000000000000000000e+00
1.495677464840982296e+00 -1.404875373314879328e+00 1.000000000000000000e+00
6.773645154617462527e-01 1.824184554416228066e+00 0.000000000000000000e+00
1.540390817618384034e+00 -1.409914042638290121e+00 1.000000000000000000e+00
3.447065746107258466e-01 1.558218198041820379e+00 0.000000000000000000e+00
2.731440544445582486e+00 -2.655293219584986097e+00 1.000000000000000000e+00
1.347063521700009536e+00 1.406479978160733557e+00 0.000000000000000000e+00
1.098685363094698442e+00 1.206575781586067819e+00 0.000000000000000000e+00
1.402410409209388753e+00 1.140138548287137787e+00 0.000000000000000000e+00
2.524329691372148021e-01 -2.696967423161041877e-01 1.000000000000000000e+00
2.065226550077746914e+00 6.873021735252495823e-01 0.000000000000000000e+00
1.526468822981164708e+00 -1.736626699309934407e+00 1.000000000000000000e+00
5.953147557792111133e-01 1.598526502781675074e+00 0.000000000000000000e+00
-9.643636937023591926e-02 -8.120225223096422251e-02 1.000000000000000000e+00
1.662264124680453703e-01 3.597118091707280918e-01 1.000000000000000000e+00
8.264113148730534153e-02 -5.073344651758215917e-02 1.000000000000000000e+00
1.314465970334881773e+00 6.602900589633521333e-01 0.000000000000000000e+00
1.650830869163300685e+00 -1.876773437265738753e+00 1.000000000000000000e+00
1.031391403023729003e+00 1.125245650508777562e+00 0.000000000000000000e+00
1.387421171800892417e+00 -2.728819224962637513e-01 0.000000000000000000e+00
1.026698315891922286e+00 -5.789678920730005895e-01 1.000000000000000000e+00
8.374470931566315723e-01 1.811700615798502279e+00 0.000000000000000000e+00
1.826968980883880045e+00 -1.871934621785261710e+00 1.000000000000000000e+00
7.406665854487572975e-01 1.653080097049548947e+00 0.000000000000000000e+00
6.118302295003033020e-01 1.003579755428341658e+00 0.000000000000000000e+00
8.197501597525288508e-01 -2.243710303270460837e-01 0.000000000000000000e+00
1.613308342078636493e+00 7.173255735200483318e-01 0.000000000000000000e+00
9.124402779242729578e-01 -7.082884979094237199e-01 1.000000000000000000e+00
5.317949381332109926e-01 7.836039659828117898e-01 0.000000000000000000e+00
1.317113725917809175e+00 2.061707087338075617e+00 0.000000000000000000e+00
5.035913929606721240e-01 -8.003396002751768101e-01 1.000000000000000000e+00
1.110929899703992252e+00 1.055321605302793175e+00 0.000000000000000000e+00
9.046035667649265921e-01 6.637565494032369173e-01 0.000000000000000000e+00
1.235433044531250246e+00 7.457011132379931517e-02 0.000000000000000000e+00
1.052706464141166531e+00 -1.428572902767406116e+00 1.000000000000000000e+00
1.820110837696495842e+00 -1.906500514546824565e+00 1.000000000000000000e+00
7.954026811634362648e-01 1.656039594931815628e+00 0.000000000000000000e+00
6.999738572769657052e-01 2.318218156581342004e+00 0.000000000000000000e+00
8.981710923441481587e-01 -9.015012484699342910e-01 1.000000000000000000e+00
1.097928031444195707e+00 9.817338371879872350e-01 0.000000000000000000e+00
1.494007942561739188e+00 4.484252051722559251e-02 0.000000000000000000e+00
1.396682002121786281e+00 2.523082855503371302e+00 0.000000000000000000e+00
1.736100327769181551e+00 3.592253091119548269e-01 0.000000000000000000e+00
1.460119979949262570e-01 1.478737941834007641e+00 0.000000000000000000e+00
1.377384444785096473e+00 9.267427347603345300e-01 0.000000000000000000e+00
1.332621790402262141e+00 4.883126975396495650e-01 0.000000000000000000e+00
3.679538602296467120e-01 1.848125804155488217e+00 0.000000000000000000e+00
1.262554064322860770e+00 2.312887736842633046e+00 0.000000000000000000e+00
1.714712307603832642e+00 -1.732916328796453076e+00 1.000000000000000000e+00
7.968867642568568943e-01 8.426393169047904363e-01 0.000000000000000000e+00
4.483341487877695597e-01 1.903158608184806200e+00 0.000000000000000000e+00
1.228102029202627010e+00 -1.325700837566494705e+00 1.000000000000000000e+00
3.769815297474250482e-01 -5.290586251002913354e-01 1.000000000000000000e+00
1.027183839425179768e+00 -9.307498009295462893e-01 0.000000000000000000e+00
9.570742815782271595e-01 4.290374089230902799e-01 0.000000000000000000e+00
-1.434030367549796736e+00 1.428373070135668943e+00 1.000000000000000000e+00
8.372052072618403340e-01 -5.797618684987224658e-01 1.000000000000000000e+00
9.171218284675914934e-01 1.654639113017998042e+00 0.000000000000000000e+00
4.509405264590186091e-01 8.638553770506396390e-01 0.000000000000000000e+00
1.104900370364777284e+00 8.793520922000802598e-01 0.000000000000000000e+00
1.219350009192708306e+00 1.361224797806872555e-01 0.000000000000000000e+00
1.091763166636387616e+00 1.186954185603263490e+00 0.000000000000000000e+00
2.603548039806703462e-01 -3.640782826146942153e-01 1.000000000000000000e+00
3.705680048589435893e-01 1.269003840644852943e+00 0.000000000000000000e+00
1.278831291936088022e+00 1.284229543626654646e+00 0.000000000000000000e+00
-2.154447668869163834e-02 2.560300095151639255e+00 0.000000000000000000e+00
1.567539558935753696e+00 -1.661087499778806986e+00 1.000000000000000000e+00
2.030131458614661710e+00 -2.215074829744194229e+00 1.000000000000000000e+00
-5.620089214183272563e-01 2.211983420769985109e-01 1.000000000000000000e+00
2.569364991895244366e-01 7.833850866874992880e-01 0.000000000000000000e+00
4.808303890069421938e-01 -1.989604505718226557e-01 1.000000000000000000e+00
1.345584047498490587e+00 -1.397229061075725198e+00 1.000000000000000000e+00
1.498191021850820315e+00 8.841662215556644888e-02 0.000000000000000000e+00
3.394619022356739624e-01 -2.132758781455807995e-01 1.000000000000000000e+00
1.273278089971679572e+00 -3.108451121386250904e-01 0.000000000000000000e+00
6.836579961758589841e-01 -6.057900323013998278e-01 1.000000000000000000e+00
9.837569617549093426e-01 -9.228255150731692336e-01 1.000000000000000000e+00
5.387098494919548841e-01 -5.507923840346415911e-01 1.000000000000000000e+00
3.489628732671471445e-01 7.674078460162236937e-02 1.000000000000000000e+00
2.351886051189794991e+00 -2.602145092364514412e+00 1.000000000000000000e+00
6.106168979799218022e-01 -8.869369477523696421e-01 1.000000000000000000e+00
1.141525474219594605e+00 2.400422004230473583e-01 0.000000000000000000e+00
-2.604657034870760945e-01 2.216829771512152103e-01 1.000000000000000000e+00
1.173427924747271645e+00 -1.085406877565746830e+00 1.000000000000000000e+00
1.077991784961118471e+00 -8.806028432272472450e-02 0.000000000000000000e+00
7.629114105591017214e-01 2.959774344606486807e+00 0.000000000000000000e+00
1.252922737983059864e+00 1.218081690860480792e+00 0.000000000000000000e+00
3.016508869933295367e-01 -1.379765658679056317e-01 1.000000000000000000e+00
7.522230367401097073e-01 -1.494950778729523533e-01 1.000000000000000000e+00
1.063360569860304583e+00 -1.081993508682147054e+00 1.000000000000000000e+00
1.586795994388935371e+00 -1.914525256907592343e+00 1.000000000000000000e+00
8.126392379353317708e-01 9.776301356324019753e-01 0.000000000000000000e+00
-5.849402872225417660e-02 -1.144768403171014803e-03 1.000000000000000000e+00
1.254573539322015208e+00 -4.398448074066878544e-01 0.000000000000000000e+00
1.124026171128958307e+00 -8.868197376189094205e-01 1.000000000000000000e+00
1.054644979384038672e+00 -9.259246724678051876e-01 1.000000000000000000e+00
3.980684112039858391e-01 1.365179578595351773e+00 0.000000000000000000e+00
2.289393284248608662e-02 -3.565288647047309967e-01 1.000000000000000000e+00
8.996524671790603334e-01 -1.045585701895233477e+00 1.000000000000000000e+00
1.548160718670179570e+00 1.543088193384707374e-01 0.000000000000000000e+00
6.707641372488128972e-01 2.211180821701824506e+00 0.000000000000000000e+00
7.669642316206096710e-01 -6.763108175959282597e-01 1.000000000000000000e+00
1.466748101960636097e+00 -1.383367985654418764e+00 1.000000000000000000e+00
2.563849268969947026e+00 -2.472357656942179016e+00 1.000000000000000000e+00
-6.273291736826187570e-01 9.226154381946032323e-01 1.000000000000000000e+00
2.310087094431468868e-01 -2.378704145593146801e-02 1.000000000000000000e+00
-5.815744414417571839e-01 7.117483925837368997e-01 1.000000000000000000e+00
2.383466277024091085e+00 -2.361402919715317239e+00 1.000000000000000000e+00
1.265485977794711836e+00 6.368673261076063241e-02 0.000000000000000000e+00
6.110542764209516697e-01 1.689061042340434193e+00 0.000000000000000000e+00
1.056288015092842869e+00 2.166293550307987203e+00 0.000000000000000000e+00
1.831099324862410338e+00 -3.469440785943023187e-01 0.000000000000000000e+00
4.314635231564396545e-01 2.367715909255710738e+00 0.000000000000000000e+00
8.176846140792675133e-01 1.515604668766230123e+00 0.000000000000000000e+00
5.347638727080310517e-01 -7.442940231136195850e-01 1.000000000000000000e+00
2.356120891244757765e+00 -2.312711695510607957e+00 1.000000000000000000e+00
1.296762450904326514e+00 -1.344790822234318783e+00 1.000000000000000000e+00
9.406881177459139876e-01 1.628673577098831426e+00 0.000000000000000000e+00
-1.323059820325598324e-01 1.331723748152469078e-02 1.000000000000000000e+00
6.210918170556811724e-02 3.610358874743870849e-01 1.000000000000000000e+00
1.229853478321449201e+00 1.105201092261433704e+00 0.000000000000000000e+00
7.975784209642357014e-01 1.452008232654850239e+00 0.000000000000000000e+00
7.581799474418423612e-01 1.281020669899768372e-01 0.000000000000000000e+00
1.417307968008542307e+00 -1.173989170072472721e+00 1.000000000000000000e+00
1.775566701495850497e+00 -1.822699522457025267e+00 1.000000000000000000e+00
8.661687745817375772e-01 -1.108111081572029866e+00 1.000000000000000000e+00
2.337678793933118726e+00 -2.467550375210747049e+00 1.000000000000000000e+00
1.187488003923296453e+00 6.394232910021122596e-01 0.000000000000000000e+00
7.113239318212061235e-01 -7.803290047295781129e-01 0.000000000000000000e+00
-1.842532185967287184e-01 5.337847690759813801e-01 1.000000000000000000e+00
1.094807209148036309e+00 9.431458395639686909e-01 0.000000000000000000e+00
1.600789353844728424e+00 -1.848008487746211070e-01 0.000000000000000000e+00
1.538190957405933368e+00 -1.748292552683086143e+00 1.000000000000000000e+00
7.980078955716900513e-01 2.375709052712215996e-01 0.000000000000000000e+00
1.156062247187287007e+00 9.100992363114978057e-01 0.000000000000000000e+00
-1.174428246790604202e-01 3.498541795910456997e-01 1.000000000000000000e+00
3.077995562276769625e-01 -2.813441803027277865e-01 1.000000000000000000e+00
1.514593667741888527e+00 2.755971265577026319e-01 0.000000000000000000e+00
1.723048998002980836e+00 -1.545776132900357869e+00 1.000000000000000000e+00
1.217053505398196789e-01 2.116337860835116658e+00 0.000000000000000000e+00
6.619619106873682046e-01 9.114272490462294041e-02 0.000000000000000000e+00
3.521043729791784038e-01 -2.892141663656520034e-01 1.000000000000000000e+00
6.459208014487489713e-01 1.646645306895962335e+00 0.000000000000000000e+00
1.849425671659742143e+00 -1.933592410445012622e+00 1.000000000000000000e+00
7.723076451380277430e-01 -6.872069257640377460e-01 1.000000000000000000e+00
1.205316675017769068e+00 -1.263432559421790335e+00 1.000000000000000000e+00
8.471303181312375141e-01 3.490816841441037877e-01 0.000000000000000000e+00
2.286131471358769929e+00 6.474339931165284945e-02 0.000000000000000000e+00
1.200314256883526776e+00 -1.328681589209252945e+00 1.000000000000000000e+00
4.717428214986670865e-01 1.091105674201021891e+00 0.000000000000000000e+00
8.850111071067467972e-02 2.041407984093027039e+00 0.000000000000000000e+00
4.158838136560287779e-01 2.967026512189812060e-01 0.000000000000000000e+00
8.485712438699620774e-01 1.133889870530027100e-01 0.000000000000000000e+00
4.774353030924451957e-01 -5.773198972622533010e-01 1.000000000000000000e+00
1.342273251102859000e+00 -1.525593700246905549e+00 1.000000000000000000e+00
-2.079236924006377940e-02 9.144254260392620237e-01 0.000000000000000000e+00
5.253010958993306057e-01 -5.927940855501290240e-01 1.000000000000000000e+00
-1.718695097941531635e-01 1.113825562974182226e-01 1.000000000000000000e+00
7.356758825452043293e-01 1.706953593664265467e-01 0.000000000000000000e+00
9.337058846079845376e-01 1.599983043913369984e-01 0.000000000000000000e+00
1.549463418777055068e-01 -2.894275458711237370e-03 1.000000000000000000e+00
1.123131624188847155e+00 7.818255591884071265e-01 0.000000000000000000e+00
3.358171291934208824e-01 -5.187528254679540929e-01 1.000000000000000000e+00
1.867842402343177444e+00 -1.822304018891611754e+00 1.000000000000000000e+00
6.060620857959592156e-01 1.293594023685376238e+00 0.000000000000000000e+00
7.996894329644989030e-01 1.655652120361793989e+00 0.000000000000000000e+00
1.283506385942439820e+00 -1.323342655544020197e+00 1.000000000000000000e+00
1.059355603109902066e+00 9.905041360696124064e-01 0.000000000000000000e+00
-8.483716343663805226e-02 1.184324509366199818e+00 0.000000000000000000e+00
-5.023968580638149550e-01 4.337134318985524928e-01 1.000000000000000000e+00
1.619840106867112661e+00 -1.538599498607091443e+00 1.000000000000000000e+00
7.078174538888291067e-01 1.351904432252367672e+00 0.000000000000000000e+00
1.592705204559885068e+00 -1.646011897849247063e+00 1.000000000000000000e+00
1.534012154163428177e+00 -1.615274533892266273e+00 1.000000000000000000e+00
7.264590061128979315e-01 9.026739164967408913e-01 0.000000000000000000e+00
6.674090024080706618e-01 1.335825811744369318e+00 0.000000000000000000e+00
1.668971490629234999e+00 -1.950231879037705784e+00 1.000000000000000000e+00
2.547014865302824838e+00 -2.725851856342368151e+00 1.000000000000000000e+00
5.204056724391805666e-01 9.006884359839124610e-01 0.000000000000000000e+00
7.090858981422241136e-01 8.686568783350411271e-01 0.000000000000000000e+00
1.995755293156293408e+00 -2.014772996834303775e+00 1.000000000000000000e+00
1.007742482697750130e+00 5.790294044176778065e-01 0.000000000000000000e+00
8.747109195896052292e-01 -7.022051415104881844e-01 1.000000000000000000e+00
1.336568397743001180e+00 2.086746305844473071e+00 0.000000000000000000e+00
2.768116698273286325e+00 -2.808877618901099105e+00 1.000000000000000000e+00
3.084915626833029112e+00 -2.815299151590721749e+00 1.000000000000000000e+00
-2.786004924068730126e-01 3.137034122516491053e-01 1.000000000000000000e+00
1.316371543245456133e+00 -1.084489597010507289e-01 0.000000000000000000e+00
9.036638906119208725e-01 1.654525863629512372e-01 0.000000000000000000e+00
1.141654392402031482e+00 5.285328341620610937e-01 0.000000000000000000e+00
7.388941042124901326e-01 -7.249220517243910589e-01 1.000000000000000000e+00
1.253411000907812323e+00 1.467653999796071806e+00 0.000000000000000000e+00
1.068194971589754960e+00 -2.630955959193603810e-02 0.000000000000000000e+00
1.241227224953342478e+00 3.307780347963039658e-01 0.000000000000000000e+00
1.827017855070676156e+00 9.236236287829935332e-02 0.000000000000000000e+00
1.121957807414303954e+00 4.406339641693577391e-01 0.000000000000000000e+00
1.486736323403738513e+00 1.005518772101605451e+00 0.000000000000000000e+00
2.354132971525225715e-01 -2.899067326073633266e-01 1.000000000000000000e+00
1.219766369677238504e+00 -1.369895942972533920e+00 1.000000000000000000e+00
1.392077182360436538e+00 -1.687100695105938630e+00 1.000000000000000000e+00
1.751731468304966954e+00 -1.880208275205146773e+00 1.000000000000000000e+00
1.193069348478245528e+00 1.294871215260371855e+00 0.000000000000000000e+00
4.131683831217597413e-01 2.141449571343439828e+00 0.000000000000000000e+00
6.909570613626998536e-01 1.876437586100603738e+00 0.000000000000000000e+00
1.880617382307321339e+00 -1.939614698465538911e+00 1.000000000000000000e+00
5.246005534875557430e-01 1.182894084916386035e-01 0.000000000000000000e+00
1.478025746829707554e+00 -1.621715427803203546e+00 1.000000000000000000e+00
1.158696029476819156e+00 7.176054827392750468e-01 0.000000000000000000e+00
2.983127256715727427e+00 -2.783548335956981035e+00 1.000000000000000000e+00
1.822776981639234517e+00 -1.917286844530960099e+00 1.000000000000000000e+00
3.537778083164693221e-01 1.697872927005341204e+00 0.000000000000000000e+00
9.292355604707280836e-01 -1.270872585366680019e+00 1.000000000000000000e+00
-3.284169141208859166e-02 2.184118995173518041e+00 0.000000000000000000e+00
8.174050439683500091e-01 8.095654562505486540e-01 0.000000000000000000e+00
8.066189707654713992e-01 1.380368969979427041e+00 0.000000000000000000e+00
1.089114195395657791e+00 -1.035792574550424172e+00 1.000000000000000000e+00
4.156553159140389253e-01 2.922614934293473077e+00 0.000000000000000000e+00
6.764665810263607026e-01 6.365220180130695127e-01 0.000000000000000000e+00
2.321019305791844012e+00 -2.545510404957941120e+00 1.000000000000000000e+00
7.642441820935979013e-01 -1.160800596935783968e+00 1.000000000000000000e+00
5.219333690336864784e-01 -6.741017254072907416e-01 1.000000000000000000e+00
3.668444721655067520e-01 3.454434896329677596e+00 0.000000000000000000e+00
1.123768442261285028e+00 1.297006619173458608e+00 1.000000000000000000e+00
6.535182822582525919e-01 6.165555397900757129e-01 0.000000000000000000e+00
1.223326295297000543e+00 8.278385507681029765e-01 0.000000000000000000e+00
3.795645484655327806e-01 -1.491019891052269841e-01 1.000000000000000000e+00
1.161624559173685789e+00 -1.180251480683593091e+00 1.000000000000000000e+00
3.769939171629368424e-01 1.741364603414484513e+00 0.000000000000000000e+00
1.855613195204444565e+00 -1.985598313314280272e+00 1.000000000000000000e+00
6.976326128519847458e-01 -8.764700757613936855e-01 1.000000000000000000e+00
1.441945359279148686e-01 1.884926357213759118e+00 0.000000000000000000e+00
1.048071640772250790e+00 1.831162730467397637e+00 0.000000000000000000e+00
9.307672813624932040e-01 1.576450012867744555e+00 0.000000000000000000e+00
1.304036784890825418e+00 1.699456929292157303e+00 0.000000000000000000e+00
1.488810134214717529e-01 -2.152412972796596824e-01 1.000000000000000000e+00
1.167675572182071297e+00 -1.383473225958335995e+00 1.000000000000000000e+00
1.413017815415349210e+00 -1.317819199856220092e+00 1.000000000000000000e+00
1.563319396295940855e+00 -1.667091151671638904e+00 1.000000000000000000e+00
1.328419213100749952e+00 -7.684084031736796438e-01 1.000000000000000000e+00
1.287844246688272465e+00 -8.141117400357691380e-01 0.000000000000000000e+00
6.386071712412564327e-01 -1.069028070492529681e+00 1.000000000000000000e+00
2.223288661367257557e-01 -1.242103217163603723e-01 1.000000000000000000e+00
1.275478471597385477e+00 -1.330356683971865017e+00 1.000000000000000000e+00
4.338940369252332063e-01 -4.962462471408604081e-01 1.000000000000000000e+00
8.525667032799750800e-01 -4.144470100600404772e-01 1.000000000000000000e+00
1.066804436246756582e-01 2.322449855117412199e-01 1.000000000000000000e+00
1.155634440700687993e+00 1.291527764252376365e+00 0.000000000000000000e+00
9.056315222692242761e-01 -7.975335367983317214e-01 1.000000000000000000e+00
2.724573022197920302e+00 -7.387099793551810123e-02 0.000000000000000000e+00
1.123272875126409387e+00 9.410151679482953169e-01 0.000000000000000000e+00
1.951258417464211359e+00 -1.802857787124228839e+00 1.000000000000000000e+00
6.193128380842545244e-01 -7.542777472231286806e-01 1.000000000000000000e+00
-1.860877733322352512e-02 -1.683889695114921814e-01 1.000000000000000000e+00
1.558958642496527602e+00 7.926554491550984460e-01 1.000000000000000000e+00
1.373990856949003359e-02 1.232143617759857701e+00 0.000000000000000000e+00
6.272321292243929758e-01 -7.053451563495057863e-01 1.000000000000000000e+00
3.648073760198728976e-01 -2.289326657496665307e-01 1.000000000000000000e+00
1.317291158980999466e+00 7.423113630742016467e-01 0.000000000000000000e+00
1.534819634312643899e+00 8.131050207862047241e-01 0.000000000000000000e+00
8.761333771409108850e-01 -1.116980769575702137e+00 1.000000000000000000e+00
7.934587186809567427e-01 -9.945699211725983480e-01 1.000000000000000000e+00
2.009080234570763679e-01 -4.437435974707303332e-01 1.000000000000000000e+00
9.768209357122432657e-01 -8.400687058819894526e-01 1.000000000000000000e+00
2.278945909797760905e+00 -2.243708896715002510e+00 1.000000000000000000e+00
1.469874053949466131e+00 6.775068025304039621e-01 0.000000000000000000e+00
1.267446870115683799e-01 -1.789713839387041538e-01 1.000000000000000000e+00
2.898192219114239965e+00 -3.124926496702432832e+00 1.000000000000000000e+00
1.642679997302666450e+00 2.617690932714644703e-01 0.000000000000000000e+00
9.676665945987698025e-01 1.197323791229591761e+00 0.000000000000000000e+00
5.896375571848624375e-01 2.095454821029005821e+00 0.000000000000000000e+00
1.140416473981310075e+00 -1.447000221138848186e+00 1.000000000000000000e+00
1.401408345871039129e-01 -2.094943104787262422e-01 1.000000000000000000e+00
8.748249729866093283e-01 1.104496787872159436e+00 0.000000000000000000e+00
2.526562208515163999e-01 3.248119048370944562e+00 0.000000000000000000e+00
2.418603345851433772e+00 -2.510196600587316418e+00 1.000000000000000000e+00
1.240521308196660843e+00 -1.419704849608528718e+00 1.000000000000000000e+00
-2.532381926483573409e-01 1.913125729098785754e-02 1.000000000000000000e+00
2.095997509174289952e+00 -1.914274571796705793e+00 1.000000000000000000e+00
2.018629254007296314e+00 8.959709675351601454e-02 0.000000000000000000e+00
1.000338737242390419e+00 1.375385012400006657e-01 0.000000000000000000e+00
1.198380589236201388e+00 1.164902568450996601e+00 1.000000000000000000e+00
2.785818686719965243e-01 2.031444699983641300e+00 0.000000000000000000e+00
3.137566878343366339e-01 -2.535376488182805588e-01 1.000000000000000000e+00
7.777210748475839042e-01 1.406721511568536975e+00 0.000000000000000000e+00
4.398884392344173389e-01 1.490729363035865562e+00 0.000000000000000000e+00
9.015335794894561161e-01 1.346596478861288526e+00 0.000000000000000000e+00
1.561443805685159614e+00 -1.737528949365664932e+00 1.000000000000000000e+00
9.796787046707307045e-01 -1.004306497653166597e+00 1.000000000000000000e+00
-6.810443656516427247e-01 2.999723468350492972e+00 0.000000000000000000e+00
1.486162005790275797e+00 5.751061237581246433e-01 0.000000000000000000e+00
1.623888073524452302e+00 -9.309833324069602956e-01 0.000000000000000000e+00
4.431740403969017805e-01 -2.795836085905130108e-01 1.000000000000000000e+00
4.657329000555489040e-01 1.672962725790130500e+00 0.000000000000000000e+00
6.176313839256712956e-01 -7.548601325095123382e-01 1.000000000000000000e+00
1.976282232402240435e+00 -1.776800270195203701e+00 1.000000000000000000e+00
2.736935430298429450e-01 -1.141276955543228944e-01 1.000000000000000000e+00
9.505143544934789857e-01 9.409905706615158127e-01 0.000000000000000000e+00
1.301452478376494692e+00 1.211656561936990117e+00 0.000000000000000000e+00
1.919389673982824007e+00 -1.934898062018059584e+00 0.000000000000000000e+00
1.080271689818846470e+00 -9.467260419185423714e-01 1.000000000000000000e+00
2.130458492891611044e+00 -2.420086953467333046e+00 1.000000000000000000e+00
7.562113269303710750e-01 1.862844969499730663e+00 0.000000000000000000e+00
3.667596816327580722e-01 6.318926807935250078e-01 0.000000000000000000e+00
9.461949489795722368e-01 5.233036696000756827e-01 0.000000000000000000e+00
1.434377459583642711e+00 -1.633692351197568726e+00 1.000000000000000000e+00
1.625382357683134105e+00 -1.802283936409474041e+00 1.000000000000000000e+00
2.567592139661442729e+00 -2.620385677967770555e+00 1.000000000000000000e+00
2.454060289677140183e+00 2.179498081311721513e-01 0.000000000000000000e+00
1.432322323947555764e+00 6.280934276308700603e-01 0.000000000000000000e+00
6.883383748483810072e-01 -9.968245974097184048e-01 1.000000000000000000e+00
1.509907011393273768e+00 1.027735075963558620e+00 0.000000000000000000e+00
6.420917902459433169e-01 -7.084600960690620175e-01 1.000000000000000000e+00
1.496604435590545013e-01 2.379829229815880076e+00 0.000000000000000000e+00
9.656322017332467089e-01 6.016706953876527209e-01 0.000000000000000000e+00
9.002561886952215042e-01 -9.045124717514745338e-01 1.000000000000000000e+00
1.158431480525123902e-02 1.977519531254563478e+00 0.000000000000000000e+00
7.380006775213209247e-01 7.004213423067726652e-01 0.000000000000000000e+00
1.396243643929852229e+00 1.624353406783933806e+00 0.000000000000000000e+00
9.348200720465633662e-01 1.373719597177993634e+00 0.000000000000000000e+00
1.139064133510684806e+00 -1.358753479134497733e+00 1.000000000000000000e+00
1.317627151418543585e+00 8.714441575669557016e-01 0.000000000000000000e+00
1.969023560059383504e+00 1.196259132586831031e-01 0.000000000000000000e+00
1.933722149429519144e+00 -1.917300518075304439e+00 1.000000000000000000e+00
1.007160403003641402e+00 1.848190294394160382e+00 0.000000000000000000e+00
2.299961359086960311e+00 -2.597847066081413026e+00 1.000000000000000000e+00
8.589585280465558137e-01 1.956285109615806039e+00 0.000000000000000000e+00
-4.555632482444444964e-01 6.513452928344853898e-01 1.000000000000000000e+00
1.473830333249244839e+00 1.292200307456722541e+00 0.000000000000000000e+00
1.072454560535346602e+00 5.884435496510005414e-01 0.000000000000000000e+00
1.054042748413083874e+00 1.552087385449029577e+00 0.000000000000000000e+00
1.141419445577636971e+00 -1.103179658037854338e+00 1.000000000000000000e+00
1.898164848984972064e+00 -2.095632613595075355e+00 1.000000000000000000e+00
5.060475292353121546e-01 -6.473080293817111697e-01 1.000000000000000000e+00
3.288116434050600834e-01 -8.005868056079656903e-02 1.000000000000000000e+00
1.852758935133698381e+00 -2.312318002562767649e+00 1.000000000000000000e+00
1.373872855938822912e+00 -1.230601675982918142e+00 1.000000000000000000e+00
-2.194284548878164820e-01 1.283912732925112099e-01 1.000000000000000000e+00
1.860309450296243394e+00 -3.437137500269971113e-03 0.000000000000000000e+00
1.693596496947387120e+00 -1.687417544011025505e+00 1.000000000000000000e+00
1.327002233275086596e+00 1.563966258967196987e+00 0.000000000000000000e+00
-1.198902161367931818e-02 1.365393873305877914e-01 1.000000000000000000e+00
6.314596658997091438e-01 -4.686204761629872984e-01 1.000000000000000000e+00
7.739550210548694631e-01 1.294751123757068578e+00 0.000000000000000000e+00
1.419950574050346415e+00 -6.082564116333120108e-01 0.000000000000000000e+00
1.425146130527210619e+00 -1.562112755122440300e+00 1.000000000000000000e+00
1.320082855538451838e+00 -1.375847124650459552e+00 1.000000000000000000e+00
8.336973482870682073e-01 1.105128157089630525e+00 0.000000000000000000e+00
1.672829271538297080e+00 -1.863739988007861559e+00 1.000000000000000000e+00
8.431961577552551379e-01 7.965486871287670301e-01 0.000000000000000000e+00
1.583693867509222919e+00 -1.632597678092409854e+00 1.000000000000000000e+00
2.790812524956321816e+00 -2.544760141164895462e+00 1.000000000000000000e+00
-1.441164009819198011e-01 2.342160605430351872e+00 0.000000000000000000e+00
1.563115899719585089e+00 -1.363764396239371290e+00 1.000000000000000000e+00
9.077596130527416651e-01 5.237549226493253274e-01 0.000000000000000000e+00
1.011505489674592306e+00 1.864096183690372222e+00 0.000000000000000000e+00
1.054528298314912238e+00 1.905433945422959630e-01 0.000000000000000000e+00
1.450520816100359767e+00 -1.393475008822214978e+00 1.000000000000000000e+00
5.294823240961203936e-01 9.407953512106895788e-01 0.000000000000000000e+00
1.092932423130022146e+00 -6.535635762246856384e-01 0.000000000000000000e+00
-2.735448944349809342e+00 2.680450435328713521e+00 1.000000000000000000e+00
-1.948250502937136641e-01 2.016647728032187281e+00 0.000000000000000000e+00
1.872114419441254451e+00 -6.389364370287844430e-01 0.000000000000000000e+00
1.052023489431356262e+00 9.118528724325034585e-01 0.000000000000000000e+00
3.320250955826269390e-01 -4.829618100689370142e-01 1.000000000000000000e+00
2.389389176696533390e+00 -2.029648927805184577e+00 1.000000000000000000e+00
2.451932580050947053e+00 -2.588192095035115159e+00 1.000000000000000000e+00
1.135207492381108185e+00 -1.469593013992118502e+00 1.000000000000000000e+00
3.438635126984671553e-01 1.743793663324465060e+00 0.000000000000000000e+00
-1.836713881242406643e-01 3.047301422999936449e+00 0.000000000000000000e+00
1.340181048165366429e+00 -1.099478334327236517e+00 1.000000000000000000e+00
9.718046176940148273e-01 -2.604530635952606588e-01 0.000000000000000000e+00
1.890174455397653608e+00 -1.712048498749928260e+00 1.000000000000000000e+00
1.445766710907844921e+00 7.589462371205744073e-01 0.000000000000000000e+00
2.333307419119363679e-01 -3.656976916805669831e-01 1.000000000000000000e+00
4.207300921772642033e-01 1.225973709506408049e+00 0.000000000000000000e+00
6.495354158624360164e-01 -5.860742420424516208e-01 1.000000000000000000e+00
7.168100194840058004e-01 -8.554618616293608868e-01 1.000000000000000000e+00
-5.439362041330686459e-02 3.492787131947581170e-01 1.000000000000000000e+00
8.939355740467580524e-02 1.255980148334004731e+00 0.000000000000000000e+00
1.623837186194122317e+00 -3.686642841369347501e-02 0.000000000000000000e+00
