3.620337296051331921e-01 9.014948985670279136e-01 0.000000000000000000e+00
-1.923547740501044823e-01 4.684319280871041546e-01 1.000000000000000000e+00
1.378202082117132854e-01 1.044120691085892172e-01 1.000000000000000000e+00
1.745660188006238123e+00 -1.200705054013931350e-01 1.000000000000000000e+00
1.927158087139374532e+00 -2.385415220960706573e-01 1.000000000000000000e+00
1.177736350529272169e+00 2.271341946374264009e-01 0.000000000000000000e+00
2.618866173883790949e-01 -2.788537885985808429e-01 1.000000000000000000e+00
2.041425500344592248e+00 3.625556944971936035e-01 1.000000000000000000e+00
-6.247335802283333628e-01 1.113200914329914637e+00 0.000000000000000000e+00
-3.629350808550801943e-01 1.038062008985852769e+00 0.000000000000000000e+00
-1.064115400750013318e+00 2.544011124296483572e-01 0.000000000000000000e+00
2.863436888922795895e-02 5.608843834475450985e-01 1.000000000000000000e+00
1.089791524266402245e+00 -3.598242854219630416e-01 1.000000000000000000e+00
1.876187504388299732e-01 1.577450544768289054e-01 1.000000000000000000e+00
-6.164104642336424300e-01 7.846788613176822746e-01 0.000000000000000000e+00
6.873408147591819617e-01 -4.457013910572725779e-01 1.000000000000000000e+00
1.910886945086800015e+00 2.324632340027977806e-01 1.000000000000000000e+00
7.662186690604935180e-01 -4.115920136351977621e-01 1.000000000000000000e+00
-4.036075228725487518e-01 9.685363176680352737e-01 0.000000000000000000e+00
7.623499187499140906e-01 6.158645643330067365e-01 0.000000000000000000e+00
-8.616426055765343817e-01 4.590452004865065438e-01 0.000000000000000000e+00
9.596006360634538046e-01 -5.403269444005341926e-01 1.000000000000000000e+00
-1.126985795103460308e+00 -2.136407297848551268e-02 0.000000000000000000e+00
2.760547279539664056e-01 9.624517971309460851e-01 0.000000000000000000e+00
8.297387140642404901e-01 6.455172868966383426e-01 0.000000000000000000e+00
1.605487616553518126e+00 -2.689352680784037886e-01 1.000000000000000000e+00
9.266166722238057263e-01 2.712996438925140974e-01 0.000000000000000000e+00
9.012977229829107761e-01 -5.242149920475497327e-01 1.000000000000000000e+00
3.457183749222683122e-01 9.253142101851552503e-01 0.000000000000000000e+00
-1.051653910472641229e+00 1.192018275008433215e-01 0.000000000000000000e+00
1.652349601418021008e+00 -3.697979400214623791e-01 1.000000000000000000e+00
-3.381797466119292050e-02 9.654098844932651469e-01 0.000000000000000000e+00
-9.458324474984174113e-03 1.225652451720776526e+00 0.000000000000000000e+00
-8.144584925969220457e-01 7.625185327433454674e-01 0.000000000000000000e+00
1.068410456279065723e+00 -6.188745975113292275e-01 1.000000000000000000e+00
2.073427809404242872e+00 2.934088393416917073e-01 1.000000000000000000e+00
1.591257877113305685e-02 -1.352355403559828695e-01 1.000000000000000000e+00
1.646566953351037643e+00 -2.416878902747480323e-02 1.000000000000000000e+00
6.636513917144249985e-01 -2.974784299307584590e-01 1.000000000000000000e+00
-8.835338401261766395e-01 9.300153465712837630e-02 0.000000000000000000e+00
3.162177948791781157e-01 -4.099360618397778211e-01 1.000000000000000000e+00
7.921650676011126047e-01 5.203016429393123587e-01 0.000000000000000000e+00
1.315411660692664464e+00 -4.203743522870364013e-01 1.000000000000000000e+00
-8.803937607670750953e-01 3.809345358721762942e-01 0.000000000000000000e+00
4.980229858231547402e-01 6.747693841748482191e-01 0.000000000000000000e+00
1.136373593565930928e+00 -5.632841522049020222e-02 0.000000000000000000e+00
-9.638389648881838800e-01 3.866301747416543422e-01 0.000000000000000000e+00
2.309741667602879245e-01 -3.590333916226409183e-01 1.000000000000000000e+00
1.473725927799689916e+00 -2.910983736929255161e-01 1.000000000000000000e+00
3.499270691356407004e-01 9.603533568525497444e-01 0.000000000000000000e+00
9.485997543543194244e-01 -4.554958733728693421e-01 1.000000000000000000e+00
-5.446190661694674251e-01 8.557926256149404054e-01 0.000000000000000000e+00
5.938843534396428536e-01 -4.615435544409585700e-01 1.000000000000000000e+00
-2.703271814003884721e-01 8.570862484635265455e-01 0.000000000000000000e+00
-6.644096135640163714e-02 8.962139117156009416e-01 0.000000000000000000e+00
1.072723711999252094e+00 1.258784391452789364e-01 0.000000000000000000e+00
4.408850603328857143e-01 -2.763470956710049609e-01 1.000000000000000000e+00
-5.101059317075059552e-01 6.614861906916610357e-01 0.000000000000000000e+00
-9.713562453126490803e-01 3.982345719072551971e-01 0.000000000000000000e+00
4.315367713216987089e-01 -3.783739463799916658e-01 1.000000000000000000e+00
3.280452853292655790e-01 7.305308888002005618e-01 0.000000000000000000e+00
5.718669192333986767e-02 1.214242047936531232e-02 1.000000000000000000e+00
1.058506435290763825e+00 -6.347729594021940258e-01 1.000000000000000000e+00
1.759720794448864867e+00 -2.873715407694948931e-01 1.000000000000000000e+00
2.567036049939324660e-01 -1.222336115002110035e-01 1.000000000000000000e+00
-8.199761641361743569e-01 4.583131219471354711e-01 0.000000000000000000e+00
9.628675863348868935e-01 4.968469041820734733e-02 0.000000000000000000e+00
2.015010464746798569e+00 2.445783557250001961e-01 1.000000000000000000e+00
1.815532184154844964e-01 3.233907089853164663e-01 1.000000000000000000e+00
5.248534845317486264e-01 6.996462926225528456e-01 0.000000000000000000e+00
-1.423387468994043170e-01 1.011353003646184856e+00 0.000000000000000000e+00
5.052982894345348086e-01 7.667584536784233240e-01 0.000000000000000000e+00
6.597868487986027208e-01 -4.008590692758196017e-01 1.000000000000000000e+00
1.963639752603268507e+00 2.311102888697303959e-01 1.000000000000000000e+00
-7.395607711844477405e-01 8.838241112522310372e-01 0.000000000000000000e+00
8.120310464636502079e-01 -5.109361248102046726e-01 1.000000000000000000e+00
1.888316912053225605e-01 3.927314584886680282e-01 1.000000000000000000e+00
3.412958492410035349e-01 9.668101056741456034e-01 0.000000000000000000e+00
2.146909902048151686e+00 5.711955237365509142e-01 1.000000000000000000e+00
2.498416411168684625e-01 2.047955284078042948e-02 1.000000000000000000e+00
-1.699152915258439478e-02 -7.745263464245111251e-02 1.000000000000000000e+00
-9.974511229059610518e-01 1.851139751358082675e-01 0.000000000000000000e+00
2.048808671503806966e+00 -7.216562776562135406e-02 1.000000000000000000e+00
-9.861492776645837122e-01 3.965222664348332926e-01 0.000000000000000000e+00
4.209018878323380064e-01 -4.881749902138341479e-01 1.000000000000000000e+00
5.124589704758805153e-01 -2.908613409703932895e-01 1.000000000000000000e+00
1.456491251225035866e+00 -3.012998527121786285e-01 1.000000000000000000e+00
-3.164940755300960640e-01 9.176312585494340590e-01 0.000000000000000000e+00
7.519048303856863402e-01 -4.367990375348987375e-01 1.000000000000000000e+00
7.372259069106501528e-01 5.138684703882798743e-01 0.000000000000000000e+00
-9.423993909324255291e-01 3.772082304321416890e-01 0.000000000000000000e+00
1.427626673180446559e+00 -4.519204916631484048e-01 1.000000000000000000e+00
1.102486833715172976e+00 -5.948498902023241497e-01 1.000000000000000000e+00
-8.931713920257863260e-01 5.685507309965490697e-01 0.000000000000000000e+00
-7.401608608584890892e-01 8.547850508532286451e-01 0.000000000000000000e+00
1.014776167980889099e+00 -4.715930129266173165e-01 1.000000000000000000e+00
7.945011898115230675e-01 8.513125242043125818e-01 0.000000000000000000e+00
1.688612578910962503e+00 -3.976699394023464063e-01 1.000000000000000000e+00
7.468224715327902441e-01 6.816909571173345173e-01 0.000000000000000000e+00
-9.209142644248603515e-01 3.966438501984977938e-01 0.000000000000000000e+00
1.750861128836982417e-01 9.938575648207380597e-01 0.000000000000000000e+00
4.828481326818002128e-01 -1.430804876645036805e-01 1.000000000000000000e+00
5.288475274823124517e-01 7.013946954511423026e-01 0.000000000000000000e+00
1.721803873694799147e+00 2.149317608029767401e-01 1.000000000000000000e+00
7.954953824996759959e-01 2.168328254700655627e-02 0.000000000000000000e+00
1.428108885000185735e+00 -4.611185369620854901e-01 1.000000000000000000e+00
3.184723508025619765e-01 1.088931810884545381e+00 0.000000000000000000e+00
-8.546653419616635494e-01 7.504258883852062134e-02 0.000000000000000000e+00
2.979509300084229872e-01 -2.998956626484147042e-02 1.000000000000000000e+00
-2.982457411721392004e-01 1.029812319450909452e+00 0.000000000000000000e+00
-5.260034973609005460e-02 1.835483490836037901e-01 1.000000000000000000e+00
1.082362112796828146e+00 -1.773588126585167735e-01 0.000000000000000000e+00
-5.724700801858273458e-03 1.042902665076593793e+00 0.000000000000000000e+00
9.903400199055507613e-01 1.228141725807855855e-01 0.000000000000000000e+00
1.795616076563784302e+00 2.625655756932410850e-02 1.000000000000000000e+00
1.773514238542675203e+00 -1.183866739317434857e-01 1.000000000000000000e+00
1.275930782397755037e+00 -5.073725686189970441e-01 1.000000000000000000e+00
2.475109498843454381e-02 3.263999149667981547e-02 1.000000000000000000e+00
-9.831672535433850779e-01 4.646540928855861785e-01 0.000000000000000000e+00
-6.798969544279657162e-01 6.924432647387258610e-01 0.000000000000000000e+00
1.754031715031456828e+00 -2.881126727516282737e-01 1.000000000000000000e+00
7.801634111931775584e-01 5.214628132132052007e-01 0.000000000000000000e+00
-2.828366264918643624e-01 8.360486181041840714e-01 0.000000000000000000e+00
7.625110330678163129e-01 -3.626825833685534128e-01 1.000000000000000000e+00
1.556396224542938800e+00 -2.468294489795796742e-01 1.000000000000000000e+00
-1.125272488069123389e+00 -7.102855737923230439e-02 0.000000000000000000e+00
6.694933656942338995e-01 6.951077061818933256e-01 0.000000000000000000e+00
1.436919324693199718e+00 -3.172613874408082846e-01 1.000000000000000000e+00
1.235105379765674360e+00 -3.041422628800096173e-01 1.000000000000000000e+00
1.422148575933811943e+00 -4.871318513258953709e-01 1.000000000000000000e+00
1.816318605937147446e+00 2.353842119932036403e-01 1.000000000000000000e+00
-9.441198572846916104e-01 1.607953711272441244e-01 0.000000000000000000e+00
2.644015722469251761e-01 8.238857766613497113e-02 1.000000000000000000e+00
5.317822857612062304e-01 7.259654784878051270e-01 0.000000000000000000e+00
-8.036866051285382340e-02 2.385066923898837565e-02 1.000000000000000000e+00
2.116047004382550778e+00 3.931779330330875677e-01 1.000000000000000000e+00
1.741193442853395945e+00 -5.306995656215202084e-02 1.000000000000000000e+00
1.836689438461332591e+00 -2.367774423557541738e-02 1.000000000000000000e+00
1.815967646753705145e+00 -5.932547038869484535e-02 1.000000000000000000e+00
-6.790361299803339135e-01 5.929087473138168196e-01 0.000000000000000000e+00
-7.929429592708882035e-01 7.913863654736111863e-01 0.000000000000000000e+00
7.539277311986781749e-01 5.656282634189460090e-01 0.000000000000000000e+00
7.027270315995329808e-01 5.478758496838184167e-01 0.000000000000000000e+00
1.064814223389507486e+00 2.589956934879226180e-01 0.000000000000000000e+00
2.006777637303036155e+00 3.712920205498524973e-01 1.000000000000000000e+00
1.092973605387493219e+00 2.368645696874391304e-02 0.000000000000000000e+00
2.782039520967655721e-01 -1.267156136173211989e-01 1.000000000000000000e+00
2.418911090853974044e-01 -3.511007853567523207e-01 1.000000000000000000e+00
-1.133519335728365718e+00 -2.571140723337676792e-02 0.000000000000000000e+00
1.199136520444441967e+00 5.858281371236914031e-02 0.000000000000000000e+00
-1.871704429698146654e-01 8.002528553750135609e-01 0.000000000000000000e+00
1.034133206260267723e+00 -4.745992255888002997e-01 1.000000000000000000e+00
-9.661387233038026823e-02 1.052926430431265326e+00 0.000000000000000000e+00
1.997998835171409748e+00 4.770716749610091068e-01 1.000000000000000000e+00
7.691505621453995079e-02 8.165285482654095484e-01 0.000000000000000000e+00
9.654245973311996742e-01 3.508101295918765183e-01 0.000000000000000000e+00
7.129814518202413076e-01 7.201143116853521153e-01 0.000000000000000000e+00
8.877690026292672787e-01 1.378362044304435874e-01 0.000000000000000000e+00
1.081379730733890154e+00 -3.822182848525867982e-01 1.000000000000000000e+00
7.892600173384305418e-01 1.097294792243012490e-01 0.000000000000000000e+00
-5.222615608264050135e-02 2.325266619511913158e-01 1.000000000000000000e+00
-1.009935025428685185e+00 2.511341452311864897e-01 0.000000000000000000e+00
6.696282009634959564e-01 7.670850269465585569e-01 0.000000000000000000e+00
1.042678651442928484e+00 -8.012534150858271476e-01 1.000000000000000000e+00
-9.199915512544613039e-01 2.690602362898984468e-01 0.000000000000000000e+00
4.997374063673632461e-01 7.447305414600832174e-01 0.000000000000000000e+00
1.363329661025549200e+00 -4.067015016975061847e-01 1.000000000000000000e+00
1.606044382169825591e-01 -1.316850197920196308e-01 1.000000000000000000e+00
1.906984349747567808e+00 4.821410907912669908e-01 1.000000000000000000e+00
1.783202976031614817e+00 1.957627919303246145e-01 1.000000000000000000e+00
1.755389351981248014e+00 -3.252706102960398193e-03 1.000000000000000000e+00
-5.736678990743184769e-01 8.423537545966034434e-01 0.000000000000000000e+00
1.954055712635340392e+00 7.206553385226671660e-02 1.000000000000000000e+00
8.794251456723067850e-01 -5.291525312799295611e-01 1.000000000000000000e+00
1.825048135035408414e+00 3.318342478710979426e-01 1.000000000000000000e+00
-7.958962462384633341e-01 6.058548348251729943e-01 0.000000000000000000e+00
3.424121055571261452e-01 -2.242149114131247456e-01 1.000000000000000000e+00
8.224097791226255838e-01 6.329283996614694097e-01 0.000000000000000000e+00
3.679876234181006511e-01 -2.999080078772600189e-01 1.000000000000000000e+00
1.896918747342762668e+00 -9.704508849539147941e-02 1.000000000000000000e+00
4.666876898889854020e-01 -3.898731971731972390e-01 1.000000000000000000e+00
-5.155048501579114761e-01 7.557455824915991771e-01 0.000000000000000000e+00
2.496317755973532782e-01 1.139977288000955546e+00 0.000000000000000000e+00
1.968709438348337670e+00 2.747055552037962478e-01 1.000000000000000000e+00
6.316542311556844203e-01 7.020186580453277037e-01 0.000000000000000000e+00
6.712303065635789601e-01 -4.638926806430669347e-01 1.000000000000000000e+00
1.569618039912753282e+00 -2.482018675140412189e-01 1.000000000000000000e+00
1.635091974861239139e+00 -1.615016485058138329e-01 1.000000000000000000e+00
4.473341652661541046e-01 -1.367654129528118601e-01 1.000000000000000000e+00
4.240334067198340828e-01 1.038119243164228545e+00 0.000000000000000000e+00
3.941073657521983464e-01 -3.044941684881866117e-01 1.000000000000000000e+00
1.693114625283718810e+00 -1.100860246846798451e-01 1.000000000000000000e+00
4.899438464617025257e-01 9.148299022816130943e-01 0.000000000000000000e+00
1.177782325394111373e-01 8.596208279679012909e-02 1.000000000000000000e+00
1.904022830688033574e+00 -2.155811139787715547e-01 1.000000000000000000e+00
2.877275976179699546e-01 -1.161883987893090053e-01 1.000000000000000000e+00
1.278331895693090026e+00 -4.217661793886875454e-01 1.000000000000000000e+00
3.919250858427776318e-01 7.852624069550245833e-01 0.000000000000000000e+00
9.372523400711680885e-01 1.305943609670648375e-01 0.000000000000000000e+00
-8.932995138707719995e-01 4.736592665384683487e-01 0.000000000000000000e+00
-2.105221209820151707e-01 9.765270039531495083e-01 0.000000000000000000e+00
-4.550080740155977854e-01 8.470656054506218169e-01 0.000000000000000000e+00
-3.185499773989690087e-01 1.056609470331865364e+00 0.000000000000000000e+00
1.767910081833312441e+00 2.880202552224820911e-01 1.000000000000000000e+00
-5.654576140876284018e-01 6.711896396297456491e-01 0.000000000000000000e+00
-1.925811606145242383e-01 3.456792942285159542e-01 1.000000000000000000e+00
-9.494535566027630935e-01 2.767368594848532148e-01 0.000000000000000000e+00
1.470166280564344508e+00 -2.240286741577762475e-01 1.000000000000000000e+00
8.151708740245294793e-01 7.793671095754767242e-01 0.000000000000000000e+00
2.053607355115467659e-01 -6.508389240125375674e-02 1.000000000000000000e+00
7.625581475000237086e-02 5.488992644178215530e-01 1.000000000000000000e+00
-2.599632283782507547e-01 6.974833638627628840e-01 0.000000000000000000e+00
5.038497080393431471e-01 7.952783745817471051e-01 0.000000000000000000e+00
1.669295717186896733e+00 -1.683915957845810718e-03 1.000000000000000000e+00
1.032739323319704861e+00 1.201556454984480105e-01 0.000000000000000000e+00
1.259951880809355718e+00 -5.897660936970312573e-01 1.000000000000000000e+00
9.238155942878567561e-01 3.219204475190512449e-01 0.000000000000000000e+00
-3.025724632765842137e-01 8.839698774425959193e-01 0.000000000000000000e+00
-9.802032710055033071e-01 1.081935218477266536e-01 0.000000000000000000e+00
-1.310730494991582673e-01 2.156612298941523453e-01 1.000000000000000000e+00
8.503511468666286044e-01 4.789956684119660024e-01 0.000000000000000000e+00
1.555717942365756334e-01 1.204453116048981753e+00 0.000000000000000000e+00
-9.060370751091559871e-01 2.172148045565768307e-02 0.000000000000000000e+00
3.944553023207298947e-01 9.845832108229335411e-01 0.000000000000000000e+00
1.304894200789079139e+00 -3.588709521481224796e-01 1.000000000000000000e+00
2.034748827707479335e-01 -2.157910212938877748e-01 1.000000000000000000e+00
-4.722227558116576240e-01 7.860965428165040958e-01 0.000000000000000000e+00
-1.079597893550494403e+00 -8.592292425878743367e-03 0.000000000000000000e+00
2.092167306986048581e-01 9.390008983200058834e-01 0.000000000000000000e+00
-5.603785938855491144e-01 8.021049295639138821e-01 0.000000000000000000e+00
1.507426541503864126e+00 -4.108137033997546483e-01 1.000000000000000000e+00
-1.034383318041796063e-01 9.096705946444472168e-01 0.000000000000000000e+00
-8.366368420842135167e-02 4.859918234032486462e-01 1.000000000000000000e+00
2.383249132700832051e-01 1.046315396595817848e+00 0.000000000000000000e+00
7.675387910378146383e-01 -5.648914937526197111e-01 1.000000000000000000e+00
1.640571397791424690e+00 -3.277337121122463892e-01 1.000000000000000000e+00
3.301214424989513119e-01 -1.173914539234740539e-01 1.000000000000000000e+00
-8.818422954972962580e-02 8.610371419537429238e-01 0.000000000000000000e+00
-7.459333468571113235e-01 5.787256166029171034e-01 0.000000000000000000e+00
5.421937067300230950e-01 -5.544293749079217681e-01 1.000000000000000000e+00
-4.784948543725833225e-01 7.432013504514719537e-01 0.000000000000000000e+00
-9.549434668882758603e-02 1.055399619078025042e+00 0.000000000000000000e+00
7.655301630199763674e-02 1.907774736766937318e-01 1.000000000000000000e+00
-1.821073132860505372e-01 5.051293923035756750e-01 1.000000000000000000e+00
1.475922130445313840e+00 -5.832618230309543073e-01 1.000000000000000000e+00
1.276117384113924169e+00 -3.032648274392536480e-01 1.000000000000000000e+00
7.427431994185498265e-01 -3.845967957094056922e-01 1.000000000000000000e+00
-9.100288284547211060e-01 1.420949043245439136e-01 0.000000000000000000e+00
-1.030609986810876871e-01 8.375554945755185887e-01 0.000000000000000000e+00
8.694385904614546634e-01 4.309989370925005892e-01 0.000000000000000000e+00
2.030500356888516489e+00 2.163295390162221221e-01 1.000000000000000000e+00
-3.836775654419249393e-01 7.798551190818596712e-01 0.000000000000000000e+00
8.992238808755779189e-01 4.178645503606289724e-01 0.000000000000000000e+00
1.034785325731641059e+00 5.056463552661830674e-01 0.000000000000000000e+00
2.901417332222955281e-01 9.425448671987805005e-01 0.000000000000000000e+00
3.860787940047887834e-01 8.976405865764226499e-01 0.000000000000000000e+00
6.816646757745671303e-01 5.167347379878025615e-01 0.000000000000000000e+00
-8.133898771453559329e-01 5.580705166727819577e-01 0.000000000000000000e+00
-1.375650706000117740e-01 2.681306440158539028e-01 1.000000000000000000e+00
-7.755463189471841767e-01 4.333562770850430956e-01 0.000000000000000000e+00
6.661937446805719087e-01 6.620750188799395808e-01 0.000000000000000000e+00
9.517633998449247512e-01 4.422218325357762936e-01 0.000000000000000000e+00
2.682715345729886347e-01 -7.769767864135604385e-02 1.000000000000000000e+00
7.978282416848830882e-01 3.536388554717673771e-01 0.000000000000000000e+00
7.547079797013865887e-01 -4.905377480393813827e-01 1.000000000000000000e+00
1.129264972373730025e+00 -3.444766851848564126e-01 1.000000000000000000e+00
1.674713538445494532e+00 -2.391023837023865117e-01 1.000000000000000000e+00
-9.121399560053939926e-01 2.851493821459343270e-01 0.000000000000000000e+00
9.000698242823861328e-01 2.511077117435935313e-01 0.000000000000000000e+00
1.445330555501854297e+00 -3.740235424723048485e-01 1.000000000000000000e+00
1.063589978941542169e+00 -5.367150041267761962e-01 1.000000000000000000e+00
-2.929585357447056504e-01 9.625790110699024016e-01 0.000000000000000000e+00
1.684503254928273241e+00 -2.753794908551855380e-01 1.000000000000000000e+00
4.675143772765953942e-01 -4.427773271392385079e-01 1.000000000000000000e+00
-2.227539261770032364e-01 1.050034865956886776e+00 0.000000000000000000e+00
-7.918183606240267736e-01 3.842563918950712698e-01 0.000000000000000000e+00
3.026095536736851388e-01 1.140325289180458057e+00 0.000000000000000000e+00
6.290153788300507642e-01 -2.844117511481082383e-01 1.000000000000000000e+00
5.628604001511022803e-01 -4.337487622534776377e-01 1.000000000000000000e+00
7.067148329248402749e-01 -4.552163249397342404e-01 1.000000000000000000e+00
-9.931614125218596323e-01 3.568183015328784125e-01 0.000000000000000000e+00
1.065317613005762221e+00 -4.585415154514916880e-01 1.000000000000000000e+00
-6.938889403921125743e-01 9.093457443873269597e-01 0.000000000000000000e+00
-7.669746623235903504e-01 3.763925501839205934e-01 0.000000000000000000e+00
-8.106219084514656448e-01 6.374547043781882971e-01 0.000000000000000000e+00
-9.790849372703508413e-01 1.811607045239403968e-01 0.000000000000000000e+00
1.159754631380398478e-02 4.734199852795729635e-01 1.000000000000000000e+00
5.786537524401147436e-01 7.156219242823479432e-01 0.000000000000000000e+00
1.001547377256203353e+00 3.293426182020809945e-01 0.000000000000000000e+00
-8.906106181860680149e-01 3.674500229654969474e-01 0.000000000000000000e+00
-8.494227843464251526e-01 5.355728940088935186e-01 0.000000000000000000e+00
-1.610372372545333663e-02 9.790710186739672860e-01 0.000000000000000000e+00
2.450789631455510542e-01 9.316160749356001691e-01 0.000000000000000000e+00
-5.749690344702894640e-01 8.693062785458098851e-01 0.000000000000000000e+00
1.252606753388855854e+00 -4.750432604928913061e-01 1.000000000000000000e+00
1.208757642118907238e+00 -6.052262674252986141e-01 1.000000000000000000e+00
7.720680716984861247e-01 4.398468526538965029e-01 0.000000000000000000e+00
-1.188005921246161334e-01 1.611949093273513101e-01 1.000000000000000000e+00
7.274679184828025669e-01 -4.731832010604543615e-01 1.000000000000000000e+00
6.584692580586142263e-01 8.569502504344044258e-01 0.000000000000000000e+00
3.017220672628556088e-01 -2.038206669840676721e-01 1.000000000000000000e+00
3.405871430098749708e-01 -3.328841392650233044e-01 1.000000000000000000e+00
9.751014971147412558e-01 1.941595948771737690e-01 0.000000000000000000e+00
-3.007860217775182310e-02 1.365137959103974175e-01 1.000000000000000000e+00
1.529802736896002990e+00 -4.698892270389215531e-01 1.000000000000000000e+00
1.973877073152817907e+00 3.491386093610374663e-01 1.000000000000000000e+00
-8.951666047831515760e-01 1.557422562162160129e-01 0.000000000000000000e+00
-4.666568450529359202e-01 8.099319387409485982e-01 0.000000000000000000e+00
5.050954277011290294e-01 6.866024766354664743e-01 0.000000000000000000e+00
2.132327811928837136e+00 3.783083594367488423e-01 1.000000000000000000e+00
1.952665831572306443e+00 1.565616262345293497e-01 1.000000000000000000e+00
1.057139260434944439e-01 8.945343258896291116e-01 0.000000000000000000e+00
-2.105734947576470839e-01 9.000398658452282152e-01 0.000000000000000000e+00
-3.129263785579823876e-01 8.602600562749882496e-01 0.000000000000000000e+00
9.149753284326858083e-01 2.477258413650358371e-01 0.000000000000000000e+00
6.599692421635829920e-01 -4.188911594162592622e-01 1.000000000000000000e+00
5.212487371705404327e-02 1.180734422365233627e+00 0.000000000000000000e+00
6.342637149516718864e-01 -6.141350079111015381e-01 1.000000000000000000e+00
7.751708154107128657e-02 9.429091101681288389e-01 0.000000000000000000e+00
-1.134733854418029431e+00 8.248032048250580894e-02 0.000000000000000000e+00
4.470316699255368759e-02 3.931972441600243284e-01 1.000000000000000000e+00
1.447240637837026389e+00 -1.642120188884124699e-01 1.000000000000000000e+00
2.843562274800246481e-01 -3.666575302055206098e-01 1.000000000000000000e+00
2.094796133311519704e+00 5.824603530616890845e-01 1.000000000000000000e+00
1.234458357135201245e+00 -5.888247268245474508e-01 1.000000000000000000e+00
-8.968765820141233469e-01 -1.921158580712921948e-01 0.000000000000000000e+00
1.021922917117448870e+00 -3.927477567479721321e-01 1.000000000000000000e+00
9.658692573798287606e-01 2.110368312275751335e-01 0.000000000000000000e+00
4.816799523799533134e-01 -3.480590155183017620e-01 1.000000000000000000e+00
3.387399695331919092e-02 7.927034214285552660e-02 1.000000000000000000e+00
1.610968931066138476e-01 2.831026902909520859e-01 1.000000000000000000e+00
-9.536769059715356489e-01 5.200941541105748023e-01 0.000000000000000000e+00
1.450346853990199358e+00 -4.043228998533049956e-01 1.000000000000000000e+00
1.035731879740382055e+00 1.849736723319041209e-01 0.000000000000000000e+00
1.203421657986025295e+00 -5.248824159200947692e-01 1.000000000000000000e+00
2.452474745453745580e-02 8.621717552845478139e-01 0.000000000000000000e+00
3.958431689081344518e-02 4.643912951131241862e-02 1.000000000000000000e+00
7.072198754193848025e-04 2.294085656549676999e-01 1.000000000000000000e+00
4.848357716515088178e-01 7.725701824979551713e-01 0.000000000000000000e+00
-6.455672557105518461e-01 8.609928011014050808e-01 0.000000000000000000e+00
1.632830390862930692e+00 -3.530047981643413824e-02 1.000000000000000000e+00
1.954257227315069789e+00 2.518517552043683105e-01 1.000000000000000000e+00
7.689418970215375349e-02 3.332882579797386002e-01 1.000000000000000000e+00
2.008976940472840811e-01 -3.868599092490641184e-02 1.000000000000000000e+00
1.605635275380662641e+00 -1.893217670909757011e-01 1.000000000000000000e+00
-5.233513215914418204e-01 7.071506917985785901e-01 0.000000000000000000e+00
1.845286635354588034e+00 -8.539709386598147434e-02 1.000000000000000000e+00
6.187655234005171589e-01 7.660090048374212923e-01 0.000000000000000000e+00
4.823052006730749186e-01 -2.866688558046195379e-01 1.000000000000000000e+00
-3.146552497017798822e-02 4.930458470854963138e-01 1.000000000000000000e+00
1.020058097307188882e+00 2.213387309503771494e-01 0.000000000000000000e+00
9.062451840574665685e-01 -5.065056510204517526e-01 1.000000000000000000e+00
4.680933956178277011e-01 1.041251817072468944e+00 0.000000000000000000e+00
8.934943082084299826e-02 3.791660844802162145e-01 1.000000000000000000e+00
8.328169956410027552e-01 5.356373698280701978e-01 0.000000000000000000e+00
1.993962678538947930e+00 4.014839654809486680e-01 1.000000000000000000e+00
9.453944805031456733e-01 6.375158826436952975e-01 0.000000000000000000e+00
8.285320471293137201e-01 4.081223370241378046e-01 0.000000000000000000e+00
1.731039544516390499e-02 2.121300582423547854e-01 1.000000000000000000e+00
8.434816619890709299e-01 5.753681443724282252e-01 0.000000000000000000e+00
-9.114923099658609473e-01 5.899802000124826362e-01 0.000000000000000000e+00
1.186293331109761651e+00 -4.166654726287883914e-01 1.000000000000000000e+00
1.392477434728680130e+00 -3.289226686965609492e-01 1.000000000000000000e+00
1.638526154672222734e+00 -3.963352291268459893e-01 1.000000000000000000e+00
6.302741796833422061e-02 1.017700209243055820e+00 0.000000000000000000e+00
-1.022478394479982233e+00 3.581829224715838977e-01 0.000000000000000000e+00
7.382456734238347362e-01 7.461599864956974804e-01 0.000000000000000000e+00
1.011696975268966625e+00 -4.900833593348480344e-01 1.000000000000000000e+00
-1.840980252723950494e-01 9.617818913613889187e-01 0.000000000000000000e+00
-6.537373549249734239e-01 7.941202931842331614e-01 0.000000000000000000e+00
9.159588251022097172e-01 2.966030764518970408e-01 0.000000000000000000e+00
8.792135871590868179e-01 5.364472309404836325e-01 0.000000000000000000e+00
1.798065823541337593e+00 -3.500002232847529982e-01 1.000000000000000000e+00
9.950675929852427215e-01 2.390336012467648985e-02 0.000000000000000000e+00
-9.221890465901803058e-01 7.366608059091372951e-01 0.000000000000000000e+00
9.342383754659243644e-01 -3.402986351029415046e-01 1.000000000000000000e+00
1.525948723224148207e+00 -3.869547035907767718e-01 1.000000000000000000e+00
3.505768720539815808e-01 7.767562187681992247e-01 0.000000000000000000e+00
7.052888921657852750e-01 -4.389680743203245306e-01 1.000000000000000000e+00
3.248177229781245567e-01 -5.970638791176142990e-02 1.000000000000000000e+00
1.946812850603385048e+00 2.394260373616015070e-01 1.000000000000000000e+00
-4.536674435112973969e-01 7.014949296653945066e-01 0.000000000000000000e+00
8.261106135049715027e-01 -6.060789048555190739e-01 1.000000000000000000e+00
1.145944862740144177e-01 3.724812336730581319e-01 1.000000000000000000e+00
3.000158894217639927e-01 9.406374191629673920e-01 0.000000000000000000e+00
1.888699137275336115e+00 1.625384201205389012e-02 1.000000000000000000e+00
4.390617666441093414e-01 1.038062278093082824e+00 0.000000000000000000e+00
1.850891253273567960e+00 -8.206077813567380641e-02 1.000000000000000000e+00
-4.921510044493818681e-01 6.688955789050254896e-01 0.000000000000000000e+00
8.113221111025740173e-01 7.948900136529297722e-01 0.000000000000000000e+00
2.920746664761976197e-01 -2.806401614330016059e-02 1.000000000000000000e+00
9.654912619830091636e-01 6.111020363389851884e-01 0.000000000000000000e+00
6.333630781820379640e-01 -4.719218259696324469e-01 1.000000000000000000e+00
9.843848478728569606e-01 -5.852370487511732167e-01 1.000000000000000000e+00
-9.348480362466121685e-01 4.160958256251620080e-01 0.000000000000000000e+00
5.059129666500676581e-02 2.471303821644369458e-01 1.000000000000000000e+00
-6.446265478111667946e-01 2.929698525733975822e-01 0.000000000000000000e+00
-4.270119146665874998e-01 1.082864547912365971e+00 0.000000000000000000e+00
-2.613762433191957890e-01 9.068221253243704538e-01 0.000000000000000000e+00
5.319509557224723073e-01 -4.963271873178164983e-01 1.000000000000000000e+00
-6.221507140640163414e-01 7.558535402972591521e-01 0.000000000000000000e+00
7.785399350099543314e-01 -4.347413593011525967e-01 1.000000000000000000e+00
-7.516832553381165571e-02 9.982729180171237005e-01 0.000000000000000000e+00
1.921434055823239895e+00 9.148856624592455189e-02 1.000000000000000000e+00
1.896772162724158051e+00 3.443843708969511197e-01 1.000000000000000000e+00
5.275609190889994464e-03 2.059021538452154021e-01 1.000000000000000000e+00
4.138458458640578708e-01 -2.099196287499970337e-01 1.000000000000000000e+00
-7.755461636387670499e-01 4.435201517752161426e-01 0.000000000000000000e+00
4.030077468740813629e-01 9.050948568622693147e-01 0.000000000000000000e+00
4.014802030926217791e-03 9.673596232472069234e-01 0.000000000000000000e+00
2.036776521610607293e+00 1.884258565786331441e-01 1.000000000000000000e+00
1.642028663511119424e+00 -3.112185220125066598e-01 1.000000000000000000e+00
1.777050116211113195e+00 -5.814738734678776000e-02 1.000000000000000000e+00
1.910855086965725480e+00 -3.256086735077017708e-02 1.000000000000000000e+00
1.031657110984907311e+00 -5.159355512943291089e-01 1.000000000000000000e+00
2.463108070353095258e-01 8.386681174652939053e-01 0.000000000000000000e+00
7.258438701725792308e-01 8.506238391611151695e-01 0.000000000000000000e+00
9.608001921722703065e-02 2.806056884099505377e-01 1.000000000000000000e+00
1.041538543122627336e-01 1.063919107877291825e+00 0.000000000000000000e+00
6.828609275623997998e-01 -4.815027666729686517e-01 1.000000000000000000e+00
2.887241592678288504e-01 -7.407689113970386541e-02 1.000000000000000000e+00
6.957155170063593630e-01 6.279836173650935605e-01 0.000000000000000000e+00
4.020044416719973923e-01 -2.282146453573211942e-01 1.000000000000000000e+00
1.306386538178826717e-01 4.617467267078894100e-01 1.000000000000000000e+00
1.012718814661185629e+00 -3.739042097086563432e-01 1.000000000000000000e+00
1.855044091474612689e+00 -2.695284924379403590e-01 1.000000000000000000e+00
1.115490807068022727e+00 6.824454046762541415e-01 0.000000000000000000e+00
2.267324054342847450e-01 1.007678391784374572e+00 0.000000000000000000e+00
1.301940809255680342e+00 -5.027494178805874681e-01 1.000000000000000000e+00
1.992633775697451259e+00 2.175985582708138133e-01 1.000000000000000000e+00
-5.967289828818088393e-02 1.536351411331451922e-01 1.000000000000000000e+00
1.860881816064924532e+00 -9.347880072315754851e-02 1.000000000000000000e+00
9.796331086067564531e-01 4.480254449880338719e-01 0.000000000000000000e+00
1.153024856140320464e+00 -6.831762871115598657e-01 1.000000000000000000e+00
6.700329466097102449e-01 6.246671502780879459e-01 0.000000000000000000e+00
1.625506576965635608e+00 -2.865819721315485680e-01 1.000000000000000000e+00
1.696509425493182954e+00 -2.320500611001497515e-01 1.000000000000000000e+00
-2.242661928044908243e-02 1.006846270861632808e+00 0.000000000000000000e+00
2.651221696062721067e-01 3.112239064812781508e-02 1.000000000000000000e+00
7.901213143202332478e-01 2.187132766696270603e-01 0.000000000000000000e+00
-5.209965906765609001e-01 6.226424049348128209e-01 0.000000000000000000e+00
1.019704472210279267e+00 -5.252259623498893859e-01 1.000000000000000000e+00
-4.838460266441942381e-01 8.709125773420366423e-01 0.000000000000000000e+00
-2.060131540114933935e-01 9.253408721966683848e-01 0.000000000000000000e+00
-1.001342780582643588e+00 -9.003799338199412750e-02 0.000000000000000000e+00
-8.086036229358001259e-01 6.119484436354154511e-01 0.000000000000000000e+00
9.483964732200109715e-01 5.210155283661450643e-01 0.000000000000000000e+00
9.251157321377725395e-01 4.227570346982356120e-01 0.000000000000000000e+00
1.333135360758467280e-01 8.445011704300479094e-01 0.000000000000000000e+00
-7.369056927370973842e-01 8.651615770590056487e-01 0.000000000000000000e+00
2.027419229066372619e+00 2.100590732564824870e-01 1.000000000000000000e+00
1.890796295978417474e+00 -5.711820515369967627e-02 1.000000000000000000e+00
2.759062901778654986e-01 7.649367051966612929e-02 1.000000000000000000e+00
1.598424088803326537e+00 -3.026526641424419628e-01 1.000000000000000000e+00
1.311457001446014070e+00 -5.720679430083273065e-01 1.000000000000000000e+00
1.933475560093014245e+00 -2.934320964837332929e-02 1.000000000000000000e+00
-9.788984443886616926e-02 9.524112208850804562e-01 0.000000000000000000e+00
1.380182654648631768e-01 9.728334422836494577e-02 1.000000000000000000e+00
1.852013190660781738e+00 1.947835432559733293e-01 1.000000000000000000e+00
-4.244920799619518181e-01 7.870505995643813923e-01 0.000000000000000000e+00
2.861597883382818730e-01 9.131871244150788769e-01 0.000000000000000000e+00
3.663546666396219065e-01 -4.136052438920170271e-01 1.000000000000000000e+00
1.825125234392166451e+00 5.509691069332398050e-03 1.000000000000000000e+00
1.749998243861782043e+00 -2.981501009261004476e-01 1.000000000000000000e+00
4.943275620308280049e-01 -2.659746711084571835e-01 1.000000000000000000e+00
-8.097386632202177026e-01 5.590089187589042385e-01 0.000000000000000000e+00
-8.578842003362248114e-01 1.793873125895202592e-01 0.000000000000000000e+00
1.905952742130128330e+00 1.324538082436474418e-02 1.000000000000000000e+00
-8.161485805605599164e-02 1.051795751092501785e+00 0.000000000000000000e+00
1.274025647691043206e+00 -6.278039297973585509e-01 1.000000000000000000e+00
1.763369330306990834e-01 3.766719167323550610e-01 1.000000000000000000e+00
5.010976247062570721e-01 6.670881832344398576e-01 0.000000000000000000e+00
5.870961782171618681e-01 -4.538224654380256240e-01 1.000000000000000000e+00
1.080280864449040257e+00 3.718626119617923775e-01 0.000000000000000000e+00
-4.353743400131507846e-01 9.127342729236238572e-01 0.000000000000000000e+00
5.634691487461495063e-01 -3.020946204596854923e-01 1.000000000000000000e+00
1.934285435365901362e+00 3.080940709871873850e-01 1.000000000000000000e+00
-5.095242194563275318e-01 8.675349630772051235e-01 0.000000000000000000e+00
1.867080349064955014e+00 2.866745625760611094e-01 1.000000000000000000e+00
9.066434165565643299e-01 4.316380975756812788e-01 0.000000000000000000e+00
-5.831449211925952003e-01 6.098928485804215871e-01 0.000000000000000000e+00
2.924549972851701041e-01 -1.456026840393483957e-01 1.000000000000000000e+00
1.301000792835344644e+00 -4.779609552702227537e-01 1.000000000000000000e+00
3.687597911405691709e-01 9.259753352613924182e-01 0.000000000000000000e+00
2.046445798563512053e+00 2.138053509124328289e-01 1.000000000000000000e+00
5.568796623143759117e-01 9.464377628184313940e-01 0.000000000000000000e+00
3.110181494526521595e-01 7.318771761971176737e-01 0.000000000000000000e+00
2.332017394132999688e-01 1.713078200368822052e-02 1.000000000000000000e+00
-1.051052366294387141e+00 -2.165397611655645038e-02 0.000000000000000000e+00
2.895438294023571224e-01 1.776049157181543992e-01 1.000000000000000000e+00
-8.338333354907844219e-01 4.930707561772238456e-01 0.000000000000000000e+00
1.037040743736300730e+00 1.673171236537504269e-01 0.000000000000000000e+00
8.789255400943899454e-01 -5.184610544663004195e-01 1.000000000000000000e+00
-8.059130038112698458e-01 4.557082411923812915e-01 0.000000000000000000e+00
-7.795084940583772715e-02 5.144947764101679422e-01 1.000000000000000000e+00
4.995013121428129033e-01 -2.363207388006254017e-01 1.000000000000000000e+00
-7.864287367673743478e-01 5.324354538932782877e-01 0.000000000000000000e+00
-1.832507826547119523e-01 1.110699670286638963e+00 0.000000000000000000e+00
7.703497754555855837e-01 5.139976923172033807e-01 0.000000000000000000e+00
-5.509070410413162699e-01 6.851747685599116622e-01 0.000000000000000000e+00
