8.533861854225854859e-02 -1.435030440148440667e-01
4.988172767749503578e-01 1.509982967594239112e+00
3.885038190667100544e-02 -3.241815324247644403e-01
6.288257998835471430e-01 1.389834317501224659e+00
3.812196137856516120e-02 -3.469872894410291342e-01
9.877725375045732781e-01 2.279633122506810938e+00
5.762349566424568303e-01 2.156526557320578963e+00
1.991739356330128885e-01 6.007807983074753277e-01
2.004378205390069390e-01 -3.491177575532541932e-02
3.264273107272951391e-01 7.941087947313176798e-01
