7.409515676389338834e-01 2.063091659175475989e+00
4.720387705132965683e-01 1.230228300914121276e+00
3.581818994315146831e-01 8.322055043784581940e-01
4.287064176610391186e-01 9.938509893584808186e-01
2.497033554646810316e-01 3.947543379153858334e-01
9.130359559204328512e-01 2.685715690479029139e+00
5.575921877881711008e-01 1.531618779219544368e+00
9.153884504723319715e-03 -5.353378554823220448e-01
1.799739479655926289e-02 -4.744305851453148870e-01
1.884127294728211721e-01 3.566602993887989514e-01
2.663463108455841333e-01 1.867931132815336404e-01
9.346046144848630943e-01 2.439251546036433016e+00
3.451067868701191976e-01 1.052483854765570381e+00
5.252704539580229648e-01 1.245451542977299875e+00
5.274291107568429560e-01 1.144711728787735749e+00
9.376003550806782938e-01 2.955737033708912609e+00
7.861126616470215378e-02 -1.161117235277718540e-01
2.054791416107075719e-01 2.497195977192653016e-01
8.368978953639041318e-01 2.272932119086019220e+00
6.330177739895245237e-01 1.476755213552710666e+00
8.912183830137424545e-01 2.819313319110812177e+00
2.265506124215129757e-01 4.946152873159173624e-01
6.615504062469746982e-01 1.419759906153616136e+00
6.345814793679585009e-01 1.769644442121456995e+00
9.025842839609096169e-01 2.453928528838285494e+00
7.091733585044168731e-02 2.793307937607436009e-01
2.698282493900129309e-01 3.188359694503846709e-01
3.582444612869553069e-01 6.886314753920070864e-01
8.341212194207086039e-01 2.077667379205251130e+00
4.912674475484871683e-01 1.197647347191521439e+00
8.806643161788864083e-01 2.290598378135313418e+00
7.938980509477691072e-01 2.132099583111290997e+00
2.750881279055849005e-01 5.241733915932418331e-01
3.673792923105962949e-01 2.771933383955935692e-01
1.887284972670000283e-02 -4.991008626892148858e-01
7.357918507534758623e-01 1.872291469282372223e+00
8.205960451274285639e-02 -5.742707456372325714e-02
1.765096370301566520e-01 6.842172425984682782e-02
6.874635378900352256e-01 2.130348148178092149e+00
7.727275417752534903e-01 2.250864287843249212e+00
9.760941448364164330e-01 3.239559379798680361e+00
7.148893227656275551e-01 1.920376881465011731e+00
8.353842717884707447e-02 3.822572603556154691e-01
4.645551445161066884e-01 8.552084993342383701e-01
5.436413607164619632e-01 1.383849027817269928e+00
5.049167286556921486e-02 -2.131049291961691072e-01
6.975680785873900058e-01 1.793111750941140281e+00
7.988556563940785171e-01 2.573032421957949456e+00
6.349558078130229655e-01 1.868687296367866013e+00
7.055002969451420469e-01 2.153904696662134022e+00
7.063397309935292023e-01 1.994328786401991849e+00
9.640748047009342070e-01 2.832811185400020193e+00
1.410393317620609599e-01 3.408093733841439932e-02
3.553782225686377139e-01 8.782280836518714384e-01
1.269877412175420828e-01 -2.046224493929275218e-02
3.070224690217515651e-02 -4.455563258506992086e-01
5.522745621145240813e-01 1.400140440413929266e+00
8.556105044364875623e-01 2.565710482703543516e+00
2.929292740815963025e-01 2.546964206815862108e-01
5.769812218483257871e-01 1.599034024649945707e+00
9.672799922936337058e-01 2.490305762495649944e+00
1.236709054140193720e-01 1.967920272625364730e-01
4.370976011609299938e-01 7.021919909225330381e-01
8.342831128243887173e-01 2.462165177145112072e+00
8.170693689062580312e-02 -3.900560728892834561e-01
4.728737782110040699e-01 9.142805388330442762e-01
3.935329265088470807e-01 6.987310892411984220e-01
1.916969023955065188e-01 2.041270401181070615e-01
4.234275162189966579e-01 1.297638972133437818e+00
8.994814573932089496e-01 2.713047081002211147e+00
7.755963033072659218e-01 2.195078558271742253e+00
2.411264412059359596e-01 3.508370856320831566e-01
6.920148796005531899e-01 2.118998675343087612e+00
8.211587599745764354e-01 2.245576208659885165e+00
4.340489227874648748e-01 7.798977616649430677e-01
6.306463998691760331e-01 1.977938178478763076e+00
6.745817939680225361e-01 2.106993887865739712e+00
9.617299283671543186e-01 3.209781060711426992e+00
5.080193469159494102e-01 1.161805774761166754e+00
5.893837910752742770e-01 1.796544019881346266e+00
5.990465530114872372e-01 1.277983427992634535e+00
7.545263955343214368e-01 2.317971990661644721e+00
1.595922670464539062e-01 1.281353391873764624e-01
4.944409367693665125e-01 1.068410185316775118e+00
8.087927063826857443e-01 2.388470340884182974e+00
6.757223020159263127e-01 1.760579157718681342e+00
3.179133356266871102e-01 7.816500063960540867e-01
4.521529169924920488e-02 -3.644111823804775385e-01
7.680269208078597254e-01 2.392559032552721732e+00
2.472430570553907359e-02 -3.990182685610370039e-01
6.809381298170910091e-01 1.993503264976460354e+00
8.592670554488818224e-01 2.115134113105339164e+00
4.434876549054674877e-01 1.128883610592779974e+00
4.640848761083556928e-01 1.153740942729767793e+00
5.907724147246260493e-01 1.753413320469469294e+00
2.399630195234603303e-01 9.663731585475396346e-02
6.784630985209632037e-01 1.958601276718828332e+00
6.984784265167627293e-01 2.021550502038560015e+00
4.904091382489559336e-01 9.254600914543538170e-01
9.394151319154232516e-01 2.563630400353180683e+00
5.404509002890821590e-01 1.406599099437410016e+00
4.279020043674029994e-01 9.456051352030514501e-01
5.777929727634261159e-01 1.716222999391691983e+00
3.593004553107480570e-01 9.351669757270164585e-01
8.508482114279547481e-02 1.261641945233495377e-01
6.894409073795855214e-01 1.729374449174852835e+00
2.726275918100428131e-01 5.200941063448971668e-01
2.016905942583160360e-01 4.088155170606531108e-01
2.942905542807673358e-01 3.442893744296030567e-01
5.884561087861276407e-01 1.767026173577160852e+00
4.405925196005421318e-01 1.119742696014409233e+00
2.281698716241025160e-01 4.998854851371670738e-01
8.765639767160876561e-01 2.298078013177184520e+00
6.317021337283590388e-02 -5.676582391731328503e-01
6.408944177706094036e-01 1.800811165327988572e+00
3.775500970916655374e-01 9.197295325691353662e-01
9.372006186191044197e-01 2.666594536267844262e+00
9.412072034069903781e-01 2.571665253712638766e+00
4.613868470313459147e-01 1.148030220785529298e+00
1.172951788529752459e-02 -4.778395899691012527e-01
3.683597392017996519e-01 1.019900461835607564e+00
8.457596323382332582e-01 2.671524339564190331e+00
5.486525525574234008e-01 1.289351090415456813e+00
3.668069727455552931e-01 1.034400129332191387e+00
6.599372888734572618e-01 1.709707703837338055e+00
6.534989839921502286e-01 2.123924876906825965e+00
5.192707474954083580e-02 -4.370296639720318566e-01
4.599013798936476549e-01 1.388458965011756474e+00
1.859226340268133049e-01 9.377939673311778968e-02
7.314152025237360411e-01 1.993604715785671111e+00
4.310474429070243474e-01 8.979385044923199333e-01
3.630334485281421220e-01 4.859192742092676154e-01
3.651970646765515527e-01 9.842283022350662991e-01
9.095938972369915776e-01 2.733662627405937684e+00
1.991916814447176609e-01 -1.121877381489246317e-01
6.608927058615662320e-01 2.085327333067440225e+00
6.291821983026045784e-01 1.390600769787296631e+00
6.782738328489281709e-01 1.710680591365618675e+00
9.580375026211996881e-01 3.091668954257697166e+00
8.277866085290107590e-01 2.303739745506464764e+00
4.711877454284165712e-01 1.017121824143038422e+00
8.554754224725389378e-01 2.581448123166844244e+00
3.090725662564786091e-02 -5.003172977621090922e-01
9.918927778980409782e-01 2.915160592233195125e+00
3.329303881445812019e-01 5.019915024747565457e-01
7.114581941678265187e-01 2.086129096993940113e+00
1.946579514792839971e-01 1.805087624906321075e-01
2.838294306559840940e-01 3.973540683821510378e-01
9.376646670665061967e-01 2.750706392527739297e+00
5.177908563544516563e-01 1.523358615261934723e+00
6.987217726473623491e-01 2.077566147909485128e+00
9.911861161347976790e-01 3.237329704507127648e+00
6.626217375902889728e-01 1.918310413392419145e+00
3.422577598658912423e-01 8.820576188334612322e-01
4.191211537278544119e-01 1.378276915282415693e+00
3.450374279775438868e-01 6.305523593085721190e-01
6.014264068682574349e-01 1.728873876584335001e+00
1.268498482439737174e-01 -1.238655207033873412e-01
5.181006667766807627e-01 1.200322105132586969e+00
5.353909770036915372e-01 1.011013045303183588e+00
9.917549967743101158e-01 2.766367957554483503e+00
8.244837484435233455e-01 2.152505313472728776e+00
7.237068087335332134e-01 2.082135642573515799e+00
6.568253471851548397e-01 1.798782621853198593e+00
4.719518342351962659e-01 9.357285970291866484e-01
3.132369312337612843e-02 -6.152843099966168738e-01
3.030367031512691822e-01 4.083263585240055060e-01
1.309754027573530877e-01 -3.791014750106896231e-02
5.519985078619239482e-01 1.404902586015047916e+00
7.756882444645275543e-01 2.012072561914342472e+00
3.272780376122839119e-01 9.385831199366392319e-01
9.618099691482694391e-01 3.003086407254554224e+00
7.367555198114972281e-01 2.083782467833871888e+00
4.644552376620193490e-01 1.256138894714302623e+00
9.135789357541745925e-02 -2.917923894095708626e-01
5.631394375273490738e-03 -6.414512220809459597e-01
4.001958850926723432e-02 -1.495525664439456559e-01
4.183848075980247661e-01 8.999472444894697221e-01
3.374154133432089031e-01 7.921337461962373316e-01
6.163523382396568495e-01 1.992818663914594168e+00
6.345819554738544310e-01 1.728352352946497250e+00
8.057912786813525852e-02 -3.389792503126098366e-01
1.702172677423093861e-01 -3.197542090412442417e-01
8.793715798242082160e-01 2.209981126961499953e+00
6.103459482745062781e-01 1.563687877465269382e+00
8.778896997454149753e-01 2.756246443534181800e+00
3.168079794469830235e-01 4.999197022675878066e-01
8.950182551596294056e-01 2.273451976342215630e+00
5.618807266977466908e-01 1.292772938176385278e+00
7.743431216470963996e-01 2.298735220311388883e+00
6.072974234704134888e-01 1.893646652308924150e+00
6.527729004058644424e-01 1.992482121052823407e+00
6.800299020438366204e-01 1.824582558806675303e+00
6.665956230525567072e-01 1.792299080591024607e+00
4.684821699450489874e-01 1.195771083034225191e+00
6.641308534450273138e-01 1.654949072951445999e+00
8.350982083514775223e-01 2.397860981213672638e+00
4.885410167244111923e-01 1.208871539081234570e+00
8.163651347646281309e-01 2.129396940466305566e+00
8.935120567622665266e-01 2.479395357358392893e+00
5.855512643335517575e-01 1.456675156295950568e+00
3.927734269095690678e-01 5.862579308495841079e-01
2.452436951471037574e-02 -4.829616547679249638e-01
8.158855988030477846e-02 -1.771960079834212776e-01
9.804147484879919272e-01 2.413125523744926948e+00
3.094722881157734307e-01 5.424209803929361806e-01
1.004723358477768169e-01 -3.146387050853688416e-01
2.888038999486729486e-01 5.449758773421959912e-01
5.177096700099526050e-01 1.633645762797721446e+00
1.130788010342235195e-01 -4.231774910031636527e-01
3.847598901288392659e-01 1.065328846236736071e+00
1.871576075149782303e-01 4.403333840265348520e-02
1.949949611219453649e-01 2.918343910940597863e-01
1.059810653087058796e-01 -2.891499679028093905e-01
9.311830242836991456e-01 3.152450038262476717e+00
6.288412624417515362e-01 1.650653237536217954e+00
8.897998710903077813e-01 2.510704272060050979e+00
9.189115404374998963e-01 2.915676678424511614e+00
8.690044453805541025e-01 2.523195013499071937e+00
8.950454198551568430e-01 2.643477822116960141e+00
4.837397861038320590e-01 1.393252215187588572e+00
6.919601196349659533e-01 1.658171492687275261e+00
6.396710999927728292e-01 1.670855612193309803e+00
4.586996489430158475e-01 5.093026766409816108e-01
7.171138739533512441e-01 2.369862682923202790e+00
6.112272097081069555e-01 1.795459177527244155e+00
6.406628444385370491e-01 1.801437363065833575e+00
8.941437244718274391e-01 2.532169245516121769e+00
5.903505317558139787e-01 1.590591070886631098e+00
4.274496498510450548e-01 9.493397402547990582e-01
2.581509342950937258e-01 5.467781850585906600e-01
5.440624716596340615e-01 1.161751433093912711e+00
9.164428611655490720e-01 2.805269545894345740e+00
6.552928334682517342e-01 1.444550473655304756e+00
5.327471926114557554e-02 -2.985317713365518433e-01
8.289157627929544248e-02 -7.785742709556350838e-02
1.493295681099128247e-01 5.587993806330340124e-02
7.164929393045096351e-01 1.951333267283930750e+00
4.573850594095233424e-01 9.228894987109860226e-01
7.081107577482192994e-02 -1.333120186710405330e-01
2.091732018557324047e-01 3.156517573635027607e-01
8.137046827992339137e-01 2.335565858681802887e+00
1.146303657228034956e-01 -2.612001266640199271e-01
1.464174614285527198e-01 1.099165934003304562e-01
8.585004430382590090e-01 2.433443047186671038e+00
9.006346814179033711e-01 2.758537205444163476e+00
3.930203157964943239e-01 9.988582422018617013e-01
3.352960828608221311e-01 8.382256748413299263e-01
5.775789159006227136e-01 1.624611159841652830e+00
3.034566673222170996e-01 7.346169613517158359e-01
6.218220841003611055e-01 1.394069747681576654e+00
2.856338187184569444e-01 4.190689167679523264e-01
5.712764980891704703e-01 1.558422470791220205e+00
4.922421414389811511e-01 1.389033835305218068e+00
7.302342161665078546e-01 2.039940367469457616e+00
1.777990512820152302e-01 -4.938213587939183080e-02
6.952992937268065443e-02 -1.407622285407705842e-01
8.138006642047120875e-01 2.087425214975159093e+00
5.080445471690652193e-01 1.279701081814472063e+00
4.939477096760049868e-01 1.345004891863711638e+00
4.040805766603233762e-01 4.205334191553243839e-01
2.752463635932814734e-01 7.285388129475374175e-01
1.387696051519480278e-01 -2.262652054675333146e-01
2.944159740694878291e-01 1.945482796525175306e-01
9.935302970204060724e-01 3.026865621513963767e+00
1.581853825438215289e-01 -3.012501361885436824e-01
9.440355366499387779e-01 2.775927660803362063e+00
3.482341907003975168e-01 6.982000518517677001e-01
3.574729272641892219e-01 1.138850985147489503e+00
1.861494910438570294e-01 6.268388931053370250e-01
5.579701876017562068e-02 -5.730085189776423782e-01
7.782468636457929856e-01 2.277242761094974366e+00
4.428179079749027247e-01 8.602873485418645050e-01
3.951661640510164553e-01 8.935854327170662526e-01
8.027434899604839469e-01 2.485823938292839763e+00
7.683081548875457800e-01 2.088569011234177264e+00
7.460123836373253603e-01 2.195002894794685577e+00
4.196328356552121441e-01 9.106580448508415637e-01
2.365716144329454984e-01 3.259308722350440224e-01
6.046644888652457084e-01 1.551882059826505955e+00
8.210714788484455573e-01 2.554445268625451071e+00
6.835906193810324938e-01 1.970024249267335437e+00
1.414500339566364673e-01 4.149577180208231519e-01
6.840606284934951375e-01 2.081975809313892256e+00
7.040535943116946749e-01 1.813372938357431741e+00
2.993185602498192877e-01 6.811449497137558318e-01
3.801525489128290136e-01 1.032034620839943795e+00
1.948708833021144393e-01 -1.894290721768474572e-01
7.977084784112448146e-01 2.210697731159906088e+00
3.640617883419327017e-01 7.810623908687843731e-01
3.366270002427551589e-02 -4.477939541615037489e-01
8.089049644382901860e-01 2.232042155097117675e+00
2.577732669513232988e-02 -4.129003355859078295e-01
4.990402309716374107e-01 1.342197762439162334e+00
4.211759401326550245e-01 9.487778155547603731e-01
8.329250202319521401e-01 2.406048787578408898e+00
1.414901860659605326e-01 -3.164833955005074140e-01
1.059219221277880596e-01 -3.468339203814032046e-01
6.366454738003328728e-01 1.710472634690000104e+00
7.821759710407899524e-01 2.193908876523266382e+00
