3.047427512600888733e-01 -9.316942264629040071e-01 1.000000000000000000e+00
2.116173833416374883e+00 -1.198551602979352371e+00 1.000000000000000000e+00
2.947582339066177948e+00 1.057983825544600576e-01 1.000000000000000000e+00
2.890846383505044415e+00 -1.152808549773045588e-01 1.000000000000000000e+00
1.565557779838856023e+00 2.951014583914783884e-01 1.000000000000000000e+00
3.696158519579721968e-01 1.692015565178455638e+00 1.000000000000000000e+00
-4.084300901970749909e-01 6.007799581745765227e-01 0.000000000000000000e+00
3.428935846043290603e-02 4.267847290512749581e-02 1.000000000000000000e+00
6.387470041631583273e-01 8.917013756286162884e-01 1.000000000000000000e+00
-2.237305396297339932e-01 1.731147449551868611e+00 0.000000000000000000e+00
7.794073147977805816e-01 7.710775480313452057e-01 1.000000000000000000e+00
8.033994996921537401e-01 9.211769567285421623e-01 1.000000000000000000e+00
1.774689612152208440e+00 9.817047830985357049e-01 1.000000000000000000e+00
-1.114805163032810853e+00 1.520468871336418282e+00 0.000000000000000000e+00
4.082462479368736963e-01 6.981407515548588849e-01 1.000000000000000000e+00
1.238578566813800519e+00 1.225979583357400537e-01 1.000000000000000000e+00
5.249807393509668962e-01 1.658072637060050036e+00 1.000000000000000000e+00
-6.041713065154759033e-01 5.412383591485889767e-01 0.000000000000000000e+00
1.590969173836479733e+00 1.020953979203469197e+00 1.000000000000000000e+00
-8.351912438296849039e-01 2.547860016523979532e+00 1.000000000000000000e+00
5.811992342268457179e-02 -4.103074405291540216e-02 1.000000000000000000e+00
1.309431988743798403e+00 5.514388675762929015e-01 1.000000000000000000e+00
7.863606301001294652e-01 1.262522236654698649e+00 1.000000000000000000e+00
2.290977774510379206e+00 1.084436748143689178e+00 1.000000000000000000e+00
2.097687619513821655e-02 9.951940060549643308e-01 1.000000000000000000e+00
2.482890816838544179e+00 1.866520385111048785e+00 1.000000000000000000e+00
3.868837419416938372e-01 -2.197224054684459027e-01 1.000000000000000000e+00
1.036698924660376386e+00 2.911788811675727340e-01 1.000000000000000000e+00
2.237834954218346883e+00 -2.582639566175444212e-01 1.000000000000000000e+00
1.483385751365131622e+00 1.055015872086425111e+00 1.000000000000000000e+00
1.700734500595145526e+00 2.115715489107017788e+00 1.000000000000000000e+00
1.493628047464806485e+00 -2.929078586421374197e-01 1.000000000000000000e+00
2.621176849967924660e+00 1.900443499301682770e+00 1.000000000000000000e+00
-1.856623214328398941e-01 1.692728686893513856e+00 0.000000000000000000e+00
1.870133684665347351e+00 1.353693615895635638e+00 1.000000000000000000e+00
9.047224902757311504e-01 8.551438398345148073e-01 1.000000000000000000e+00
2.065525698284796263e+00 1.047618829838599108e-01 1.000000000000000000e+00
9.471504413946932877e-01 2.167824201860333311e+00 1.000000000000000000e+00
1.533714990744097229e+00 7.070541127666970516e-01 1.000000000000000000e+00
2.117798304377386032e+00 7.386785466660534816e-01 1.000000000000000000e+00
3.908217891679143241e-01 1.986473250427793324e+00 1.000000000000000000e+00
1.451959514443803334e+00 2.337570556451914472e-01 1.000000000000000000e+00
1.436755827578975575e+00 4.760882788427929224e-01 1.000000000000000000e+00
9.650419599346283794e-01 2.037267775094180777e+00 1.000000000000000000e+00
1.139344276705062109e-01 -2.215771513766300327e-01 0.000000000000000000e+00
-3.416536724451073592e-01 1.001200986562167605e+00 1.000000000000000000e+00
-1.049119759968821786e+00 9.907975827927074652e-01 0.000000000000000000e+00
3.416554693998539172e-01 1.562298810996065823e+00 0.000000000000000000e+00
1.542584610880104456e+00 5.559093875554130815e-01 1.000000000000000000e+00
7.712966611501130831e-01 -6.757000674329138867e-02 1.000000000000000000e+00
1.224529113586210194e+00 -6.154283793402737235e-02 1.000000000000000000e+00
-4.438039148999850525e-01 -1.894844936980109917e+00 0.000000000000000000e+00
-2.098217753901235660e+00 -3.634661350649790457e-01 0.000000000000000000e+00
-2.042650640681277885e+00 -7.248416242263933107e-01 0.000000000000000000e+00
-9.896170579906112819e-01 -4.306377883170231513e-01 0.000000000000000000e+00
-7.991409908146585028e-02 -1.109948330125940519e+00 0.000000000000000000e+00
3.244973466769365267e-01 -3.717978189680996026e-01 1.000000000000000000e+00
-1.410999256927400358e+00 -1.233406997960027063e-01 0.000000000000000000e+00
2.000883841282263820e-01 -3.095534094868577224e-01 0.000000000000000000e+00
-9.000735172742715395e-01 -4.241843501925309790e-01 0.000000000000000000e+00
-1.087467045738218063e+00 1.617486552037361580e-01 0.000000000000000000e+00
-5.823035977002617436e-01 -1.570027159451102383e+00 0.000000000000000000e+00
-1.272476906555744414e+00 -6.603257158753634837e-01 0.000000000000000000e+00
-4.155367832770739955e-01 3.920146920235383359e-01 0.000000000000000000e+00
1.036430276241930848e-01 8.953026422579553056e-01 1.000000000000000000e+00
-1.605011066444579804e+00 -1.774888356334602513e+00 0.000000000000000000e+00
-1.101586769963250445e+00 -1.577502672824167673e+00 0.000000000000000000e+00
1.624232547672452842e-01 -1.098262529053902092e+00 0.000000000000000000e+00
-2.687379421554795034e+00 -2.167000341881746728e+00 0.000000000000000000e+00
-1.792496285610483131e+00 8.406443972938326681e-02 0.000000000000000000e+00
-1.374374460548750898e+00 -3.694190596134405702e+00 0.000000000000000000e+00
-2.101919778794023586e+00 -8.447720480474226745e-01 0.000000000000000000e+00
-9.692712383235813078e-01 6.194704199578682235e-02 0.000000000000000000e+00
-1.753445420908120944e+00 -1.615188596125188614e+00 0.000000000000000000e+00
-1.147111245292901538e+00 3.457747827739974245e-01 0.000000000000000000e+00
-6.276125559330796300e-01 -1.095749027144654830e+00 0.000000000000000000e+00
1.239018247617711399e-01 -6.788111843974113935e-01 1.000000000000000000e+00
-2.917173078846020395e-01 8.365729672019872609e-02 0.000000000000000000e+00
-1.201271954447185930e+00 -1.122734236938734975e-01 0.000000000000000000e+00
-1.807963526156404654e+00 -1.997509464854161143e+00 0.000000000000000000e+00
-1.455663344499599443e+00 -1.518094280713828681e-01 0.000000000000000000e+00
-1.466268608189938538e+00 -2.753890212611300736e-01 0.000000000000000000e+00
-1.463450853960586384e+00 -2.070588482383163509e+00 0.000000000000000000e+00
-1.244807645584854683e+00 -2.211485425807026672e+00 0.000000000000000000e+00
-1.620443446287659350e-01 -3.884182348870484081e+00 0.000000000000000000e+00
-1.792739914299543047e+00 -1.027621272089832338e+00 0.000000000000000000e+00
-1.651377065445380321e+00 -6.155042699487238700e-01 0.000000000000000000e+00
-1.250728028809304337e+00 -1.823166169880543475e-01 0.000000000000000000e+00
7.189257969955342720e-01 -1.552366082046231721e+00 0.000000000000000000e+00
-1.920609410225540437e+00 -9.779897817804651394e-01 0.000000000000000000e+00
-4.801800668455780130e-02 -1.573115579222116533e+00 0.000000000000000000e+00
-1.046158630876146578e+00 -5.146067661540478788e-01 0.000000000000000000e+00
-5.616776064204550556e-01 4.738279082381853247e-01 0.000000000000000000e+00
-1.751708884938568689e+00 -3.064535334888335960e+00 0.000000000000000000e+00
8.933989742808221557e-01 7.404543486279855369e-01 1.000000000000000000e+00
-1.487315256451926304e+00 -2.127532563570804225e+00 0.000000000000000000e+00
4.451215694477912432e-01 -1.025367206276616150e+00 0.000000000000000000e+00
4.894884183115517651e-01 -7.244870572724215751e-02 1.000000000000000000e+00
1.132455790291657660e-01 -1.936517306305611807e+00 0.000000000000000000e+00
-4.563318407360024143e-01 -1.009392670861120722e+00 0.000000000000000000e+00
