-2.083591901533226876e-01 -7.609780431947057999e-02 0.000000000000000000e+00
-1.655892913105638242e-01 -4.630974005949793637e-02 0.000000000000000000e+00
1.255258295178549588e-01 1.244358484006690274e-01 0.000000000000000000e+00
-1.122166823020306348e-01 3.195483638040281238e-01 0.000000000000000000e+00
-1.587196904949463305e-01 2.000659512970277554e-01 0.000000000000000000e+00
-8.853050006148599493e-02 -2.796576998757188126e-01 0.000000000000000000e+00
-7.718083385240329108e-02 2.029366763813152397e-01 0.000000000000000000e+00
3.855751112654817736e-01 4.097085121901498928e-02 0.000000000000000000e+00
2.427057290285937474e-01 3.278903241301825422e-02 0.000000000000000000e+00
-2.023852006347341345e-02 3.982654533605172742e-01 0.000000000000000000e+00
2.154374452945609364e-01 3.661196449527981400e-01 0.000000000000000000e+00
-2.227422756716476437e-01 9.571395453140484066e-02 0.000000000000000000e+00
-8.300817180913461213e-02 -3.648725737086248588e-01 0.000000000000000000e+00
5.533568892161413316e-02 -8.687943057802788305e-02 0.000000000000000000e+00
4.500953370355825073e-02 1.291148137144921826e-01 0.000000000000000000e+00
1.117307460358550782e-02 -1.961911581540557448e-01 0.000000000000000000e+00
2.979093761207916580e-01 -8.070228960044051325e-02 0.000000000000000000e+00
-1.069669408889668411e-01 5.248417268664988533e-02 0.000000000000000000e+00
2.458879009312016917e-01 3.559126794858450543e-02 0.000000000000000000e+00
3.378543232314218936e-01 -1.935600564992645822e-01 0.000000000000000000e+00
-3.082547498130727148e-01 -2.454068962767363415e-01 0.000000000000000000e+00
5.977083166416555238e-02 2.368839830034939753e-01 0.000000000000000000e+00
1.696013050872622607e-01 4.029446013547409722e-01 0.000000000000000000e+00
6.162748263900363899e-02 1.013841186008369727e-01 0.000000000000000000e+00
2.458867782256442536e-01 1.258873009680702981e-01 0.000000000000000000e+00
2.173929397750411774e-01 -1.675907089512752579e-01 0.000000000000000000e+00
9.053907434591033920e-02 -3.686737701211016682e-02 0.000000000000000000e+00
-2.901093761159690976e-01 1.302866616100248620e-01 0.000000000000000000e+00
-1.060939160553856925e-01 1.998211826094064558e-01 0.000000000000000000e+00
3.689921061048108131e-01 -2.092066765362613767e-01 0.000000000000000000e+00
3.379389772621227417e-02 -4.750652914717391762e-02 0.000000000000000000e+00
2.160358871025989391e-01 -2.180251004913619783e-01 0.000000000000000000e+00
5.882643356580894572e-02 -4.263728017105340440e-01 0.000000000000000000e+00
-1.165440937759505413e-01 -2.589111393236827596e-01 0.000000000000000000e+00
-2.330487288125380752e-01 -3.039450598785605751e-01 0.000000000000000000e+00
-3.244568346071592946e-01 4.989808776313661709e-02 0.000000000000000000e+00
-8.165739733001842193e-02 -1.746587317799589423e-01 0.000000000000000000e+00
-1.908126665221366314e-01 2.893470647591284139e-01 0.000000000000000000e+00
1.600717985118722819e-01 -6.067165042079286641e-02 0.000000000000000000e+00
1.705312099578398521e-01 -2.895511233763941039e-01 0.000000000000000000e+00
4.244980924748694151e-01 -8.154090550404746729e-02 0.000000000000000000e+00
1.892137339280587638e-01 3.815975369835446496e-01 0.000000000000000000e+00
-8.484373737225910442e-03 -2.780566166899443026e-01 0.000000000000000000e+00
-4.649945584272746624e-02 1.046887352679735095e-01 0.000000000000000000e+00
-1.620463583357817650e-01 9.032878624151702285e-02 0.000000000000000000e+00
-2.471658872886586117e-02 3.312144764888681481e-01 0.000000000000000000e+00
-1.631571622374992092e-01 5.873053862972807404e-03 0.000000000000000000e+00
3.784547673973919224e-01 -9.564459491889942822e-02 0.000000000000000000e+00
-8.199176627132089001e-02 3.339159772243489033e-01 0.000000000000000000e+00
2.004813023987101483e-01 -3.918728691688461718e-01 0.000000000000000000e+00
-5.487498532504100357e-01 1.584220614817212880e+00 1.000000000000000000e+00
5.465177072324808316e-01 -2.209497044946331090e-01 1.000000000000000000e+00
7.158657398426216956e-01 -9.700430960559995597e-02 1.000000000000000000e+00
-1.061246053066175810e+00 1.514677998143236781e+00 1.000000000000000000e+00
9.249193437053135902e-01 -3.797429242267801874e-01 1.000000000000000000e+00
-8.695451707229682192e-01 -1.304470746011500815e+00 1.000000000000000000e+00
2.258218217131630068e-01 -1.417715615712654476e+00 1.000000000000000000e+00
1.692637412265508567e+00 2.518883539715601194e-01 1.000000000000000000e+00
-4.645765499133497900e-01 1.721700025977470072e-01 1.000000000000000000e+00
1.773030715541825397e-01 1.940107635012137566e+00 1.000000000000000000e+00
8.787336917959048810e-01 6.934375060871827978e-01 1.000000000000000000e+00
6.484069004186874263e-01 4.302936564754497040e-01 1.000000000000000000e+00
1.623761845663067804e+00 1.923807946180798645e+00 1.000000000000000000e+00
-1.921583462536123443e+00 -4.343912378008317199e-01 1.000000000000000000e+00
1.246626296787575416e+00 -1.787116961269296089e-01 1.000000000000000000e+00
1.130866552488468457e+00 -4.015826115824250864e-01 1.000000000000000000e+00
1.172036628624004484e+00 -1.004116444367901817e-01 1.000000000000000000e+00
7.529837722955874391e-01 1.561469733951870165e+00 1.000000000000000000e+00
-1.326135328280804160e+00 -1.365199371269792072e+00 1.000000000000000000e+00
1.880452631552565812e+00 6.273643115533000802e-01 1.000000000000000000e+00
1.891151995150315956e+00 1.803328915573044311e+00 1.000000000000000000e+00
1.510225873045857092e+00 4.712951318589154726e-01 1.000000000000000000e+00
1.780977399983071585e+00 -1.004270966692377254e+00 1.000000000000000000e+00
4.576564648414894743e-01 -5.786082852164416979e-01 1.000000000000000000e+00
-1.436187157137932324e+00 -1.249517695150750285e+00 1.000000000000000000e+00
-4.973034758419027646e-01 1.417426731519245031e+00 1.000000000000000000e+00
1.789837640223313597e+00 1.303847684781116900e+00 1.000000000000000000e+00
-1.311248288776428073e+00 -9.721682182588071708e-01 1.000000000000000000e+00
-5.155986046059147787e-01 1.331689064724318250e+00 1.000000000000000000e+00
3.225747557641157892e-02 1.397671258962333019e+00 1.000000000000000000e+00
-1.653544925120638220e+00 1.933366808510484924e+00 1.000000000000000000e+00
4.969219548479000478e-03 -1.448130469475465310e+00 1.000000000000000000e+00
1.860197059706849121e+00 6.795325059323035211e-01 1.000000000000000000e+00
-7.692595263638271064e-01 1.364998663897756703e+00 1.000000000000000000e+00
2.261903324479391242e-01 1.187217271216684411e+00 1.000000000000000000e+00
-1.727095850024840118e+00 -7.973234701251525891e-01 1.000000000000000000e+00
1.510477505274813836e+00 1.999916694722133181e+00 1.000000000000000000e+00
-8.315180040214977808e-01 1.558394070511118501e-01 1.000000000000000000e+00
-8.902098206966186922e-01 1.626813744350912527e+00 1.000000000000000000e+00
1.150943995358647998e+00 1.058421018052843943e+00 1.000000000000000000e+00
1.536529817740777792e+00 -4.138253128097911793e-01 1.000000000000000000e+00
-6.795180889747223785e-02 -8.125719599624987577e-01 1.000000000000000000e+00
-1.242282848228062342e+00 -1.857405243652443305e+00 1.000000000000000000e+00
7.867268157534896833e-01 1.477589486986566891e+00 1.000000000000000000e+00
-1.500917944393155956e+00 -8.185136031624418163e-01 1.000000000000000000e+00
3.047804370128915918e-01 -4.784085069218644848e-01 1.000000000000000000e+00
-1.436553635559328079e-01 -1.931594523582230050e+00 1.000000000000000000e+00
1.435284924258252159e+00 1.470218067421441788e+00 1.000000000000000000e+00
1.803578479019079195e+00 3.228813755441515276e-01 1.000000000000000000e+00
-1.054349547198537851e-01 -1.901166991126204131e+00 1.000000000000000000e+00
